1.980000, -1.570796
1.980000, -1.564660
1.980000, -1.558525
1.980000, -1.552389
1.980000, -1.546253
1.995000, -1.540117
2.013000, -1.533981
2.013000, -1.527845
2.016000, -1.521709
2.016000, -1.515573
2.036000, -1.509437
2.053000, -1.503301
2.053000, -1.497165
2.053000, -1.491029
2.061000, -1.484893
2.061000, -1.478758
2.072000, -1.472622
2.078000, -1.466486
2.079000, -1.460350
2.098000, -1.454214
2.101000, -1.448078
2.115000, -1.441942
2.115000, -1.435806
2.114000, -1.429670
2.116000, -1.423534
2.125000, -1.417398
2.135000, -1.411262
2.156000, -1.405126
2.159000, -1.398991
2.160000, -1.392855
2.170000, -1.386719
2.186000, -1.380583
2.211000, -1.374447
2.217000, -1.368311
2.223000, -1.362175
2.223000, -1.356039
2.225000, -1.349903
2.233000, -1.343767
2.253000, -1.337631
2.257000, -1.331495
2.273000, -1.325359
2.297000, -1.319224
2.300000, -1.313088
2.302000, -1.306952
2.304000, -1.300816
2.347000, -1.294680
2.355000, -1.288544
2.358000, -1.282408
2.368000, -1.276272
2.383000, -1.270136
2.414000, -1.264000
2.429000, -1.257864
2.431000, -1.251728
2.443000, -1.245592
2.467000, -1.239457
2.467000, -1.233321
2.485000, -1.227185
2.495000, -1.221049
2.518000, -1.214913
2.531000, -1.208777
2.539000, -1.202641
2.565000, -1.196505
2.574000, -1.190369
2.606000, -1.184233
2.609000, -1.178097
2.639000, -1.171961
2.659000, -1.165825
2.671000, -1.159690
2.679000, -1.153554
2.691000, -1.147418
2.715000, -1.141282
2.721000, -1.135146
2.756000, -1.129010
2.768000, -1.122874
2.779000, -1.116738
2.785000, -1.110602
2.799000, -1.104466
2.839000, -1.098330
2.848000, -1.092194
2.883000, -1.086058
2.886000, -1.079923
2.929000, -1.073787
2.958000, -1.067651
2.976000, -1.061515
3.026000, -1.055379
3.026000, -1.049243
3.026000, -1.043107
2.952000, -1.036971
2.591000, -1.030835
2.584000, -1.024699
2.566000, -1.018563
2.565000, -1.012427
2.559000, -1.006291
2.540000, -1.000156
2.536000, -0.994020
2.529000, -0.987884
2.525000, -0.981748
2.523000, -0.975612
2.500000, -0.969476
2.500000, -0.963340
2.500000, -0.957204
2.509000, -0.951068
nan, -0.944932
nan, -0.914253
nan, -0.877437
2.396000, -0.865165
2.388000, -0.859029
2.372000, -0.852893
2.358000, -0.846757
2.354000, -0.840621
2.354000, -0.834486
2.342000, -0.828350
2.324000, -0.822214
2.275000, -0.816078
2.273000, -0.809942
2.253000, -0.803806
2.244000, -0.797670
2.244000, -0.791534
2.243000, -0.785398
2.236000, -0.779262
2.232000, -0.773126
2.243000, -0.766990
2.212000, -0.760854
2.200000, -0.754719
1.386000, -0.748583
1.383000, -0.742447
1.375000, -0.736311
1.370000, -0.730175
1.362000, -0.724039
1.357000, -0.717903
1.357000, -0.711767
1.357000, -0.705631
1.356000, -0.699495
1.356000, -0.693359
1.356000, -0.687223
1.343000, -0.681087
1.343000, -0.674952
1.343000, -0.668816
1.342000, -0.662680
1.341000, -0.656544
1.335000, -0.650408
1.335000, -0.644272
1.332000, -0.638136
1.325000, -0.632000
1.322000, -0.625864
1.321000, -0.619728
1.320000, -0.613592
1.320000, -0.607456
1.320000, -0.601320
1.320000, -0.595185
1.320000, -0.589049
1.320000, -0.582913
1.311000, -0.576777
1.299000, -0.570641
1.299000, -0.564505
1.299000, -0.558369
1.301000, -0.552233
1.301000, -0.546097
1.311000, -0.539961
1.313000, -0.533825
1.303000, -0.527689
1.303000, -0.521553
1.303000, -0.515418
1.296000, -0.509282
1.284000, -0.503146
1.284000, -0.497010
1.284000, -0.490874
1.292000, -0.484738
1.295000, -0.478602
1.295000, -0.472466
1.293000, -0.466330
1.293000, -0.460194
1.289000, -0.454058
1.289000, -0.447922
1.289000, -0.441786
1.284000, -0.435651
1.284000, -0.429515
1.284000, -0.423379
1.284000, -0.417243
1.284000, -0.411107
1.285000, -0.404971
1.290000, -0.398835
1.290000, -0.392699
1.290000, -0.386563
1.285000, -0.380427
1.285000, -0.374291
1.285000, -0.368155
1.283000, -0.362019
1.286000, -0.355884
1.286000, -0.349748
1.282000, -0.343612
1.282000, -0.337476
1.289000, -0.331340
1.290000, -0.325204
1.300000, -0.319068
1.300000, -0.312932
1.300000, -0.306796
1.284000, -0.300660
1.284000, -0.294524
1.284000, -0.288388
3.800000, -0.282252
3.820000, -0.276117
3.827000, -0.269981
3.820000, -0.263845
3.827000, -0.257709
3.834000, -0.251573
3.832000, -0.245437
3.832000, -0.239301
3.837000, -0.233165
3.837000, -0.227029
3.842000, -0.220893
3.850000, -0.214757
3.852000, -0.208621
3.855000, -0.202485
3.855000, -0.196350
3.865000, -0.190214
3.871000, -0.184078
3.878000, -0.177942
3.878000, -0.171806
3.878000, -0.165670
3.878000, -0.159534
2.210000, -0.153398
2.132000, -0.147262
2.130000, -0.141126
2.126000, -0.134990
2.126000, -0.128854
2.126000, -0.122718
2.150000, -0.116583
2.151000, -0.110447
2.151000, -0.104311
2.151000, -0.098175
2.155000, -0.092039
2.156000, -0.085903
2.157000, -0.079767
2.175000, -0.073631
2.180000, -0.067495
2.183000, -0.061359
2.183000, -0.055223
2.188000, -0.049087
2.188000, -0.042951
2.188000, -0.036816
2.194000, -0.030680
2.195000, -0.024544
2.221000, -0.018408
2.221000, -0.012272
2.224000, -0.006136
2.285000, 0.036816
2.285000, 0.042951
2.285000, 0.049087
2.285000, 0.055223
2.299000, 0.061359
2.319000, 0.067495
2.335000, 0.073631
2.338000, 0.079767
2.354000, 0.085903
2.363000, 0.092039
2.372000, 0.098175
2.384000, 0.104311
2.385000, 0.110447
2.406000, 0.116583
2.415000, 0.122718
2.436000, 0.128854
2.440000, 0.134990
2.440000, 0.141126
2.436000, 0.147262
2.419000, 0.153398
2.392000, 0.159534
2.392000, 0.165670
2.344000, 0.171806
2.318000, 0.177942
2.302000, 0.184078
2.296000, 0.190214
2.294000, 0.196350
0.891000, 0.202485
0.889000, 0.208621
0.885000, 0.214757
0.879000, 0.220893
0.872000, 0.227029
0.872000, 0.233165
0.872000, 0.239301
0.876000, 0.245437
0.876000, 0.251573
0.876000, 0.257709
0.875000, 0.263845
0.880000, 0.269981
0.875000, 0.276117
0.875000, 0.282252
0.880000, 0.288388
0.880000, 0.294524
0.880000, 0.300660
0.884000, 0.306796
0.884000, 0.312932
0.884000, 0.319068
0.873000, 0.325204
0.881000, 0.331340
0.879000, 0.337476
0.879000, 0.343612
0.881000, 0.349748
0.881000, 0.355884
0.879000, 0.362019
0.876000, 0.368155
0.876000, 0.374291
0.876000, 0.380427
0.876000, 0.386563
0.876000, 0.392699
0.880000, 0.398835
0.876000, 0.404971
0.874000, 0.411107
0.858000, 0.417243
0.798000, 0.423379
0.798000, 0.429515
0.798000, 0.435651
0.802000, 0.441786
0.802000, 0.447922
0.802000, 0.454058
0.802000, 0.460194
0.802000, 0.466330
0.802000, 0.472466
0.802000, 0.478602
0.802000, 0.484738
0.805000, 0.490874
0.807000, 0.497010
0.807000, 0.503146
0.798000, 0.509282
0.796000, 0.515418
0.794000, 0.521553
0.794000, 0.527689
0.794000, 0.533825
0.798000, 0.539961
0.805000, 0.546097
0.805000, 0.552233
0.805000, 0.558369
0.800000, 0.564505
0.800000, 0.570641
0.800000, 0.576777
0.796000, 0.582913
0.796000, 0.589049
0.795000, 0.595185
0.794000, 0.601320
0.794000, 0.607456
0.796000, 0.613592
0.793000, 0.619728
0.800000, 0.625864
0.800000, 0.632000
0.798000, 0.638136
0.798000, 0.644272
0.804000, 0.650408
1.518000, 0.656544
1.540000, 0.662680
1.540000, 0.668816
1.522000, 0.674952
1.522000, 0.681087
1.520000, 0.687223
1.517000, 0.693359
1.514000, 0.699495
1.505000, 0.705631
1.505000, 0.711767
1.494000, 0.717903
1.493000, 0.724039
1.493000, 0.730175
1.485000, 0.736311
1.484000, 0.742447
1.484000, 0.748583
1.479000, 0.754719
1.479000, 0.760854
1.478000, 0.766990
1.478000, 0.773126
1.462000, 0.779262
1.462000, 0.785398
1.463000, 0.791534
1.463000, 0.797670
1.463000, 0.803806
1.463000, 0.809942
1.461000, 0.816078
1.455000, 0.822214
1.445000, 0.828350
1.441000, 0.834486
1.441000, 0.840621
1.445000, 0.846757
1.442000, 0.852893
1.442000, 0.859029
1.442000, 0.865165
1.423000, 0.871301
1.423000, 0.877437
1.423000, 0.883573
1.424000, 0.889709
1.424000, 0.895845
1.424000, 0.901981
1.418000, 0.908117
1.411000, 0.914253
1.410000, 0.920388
1.410000, 0.926524
1.411000, 0.932660
1.411000, 0.938796
1.415000, 0.944932
1.420000, 0.951068
1.472000, 0.957204
nan, 0.963340
1.590000, 0.969476
1.472000, 0.975612
1.440000, 0.981748
1.440000, 0.987884
1.440000, 0.994020
1.440000, 1.000156
1.439000, 1.006291
1.439000, 1.012427
1.433000, 1.018563
1.424000, 1.024699
1.424000, 1.030835
1.424000, 1.036971
1.429000, 1.043107
1.429000, 1.049243
1.429000, 1.055379
1.422000, 1.061515
1.422000, 1.067651
1.422000, 1.073787
1.426000, 1.079923
1.436000, 1.086058
1.436000, 1.092194
1.436000, 1.098330
1.422000, 1.104466
1.420000, 1.110602
1.413000, 1.116738
1.413000, 1.122874
1.412000, 1.129010
1.412000, 1.135146
1.417000, 1.141282
1.417000, 1.147418
1.416000, 1.153554
1.417000, 1.159690
1.417000, 1.165825
1.416000, 1.171961
1.417000, 1.178097
1.418000, 1.184233
1.421000, 1.190369
1.421000, 1.196505
1.422000, 1.202641
1.422000, 1.208777
1.422000, 1.214913
1.422000, 1.221049
1.422000, 1.227185
1.422000, 1.233321
1.435000, 1.239457
1.435000, 1.245592
1.435000, 1.251728
1.435000, 1.257864
1.436000, 1.264000
1.436000, 1.270136
1.433000, 1.276272
1.426000, 1.282408
1.423000, 1.288544
1.423000, 1.294680
1.418000, 1.300816
1.418000, 1.306952
1.419000, 1.313088
1.418000, 1.319224
1.418000, 1.325359
1.419000, 1.331495
1.428000, 1.337631
1.428000, 1.343767
1.428000, 1.349903
1.444000, 1.356039
1.499000, 1.398991
1.499000, 1.405126
1.499000, 1.411262
