0.678000, -1.570796
0.684000, -1.564660
0.687000, -1.558525
0.687000, -1.552389
0.684000, -1.546253
0.684000, -1.540117
0.681000, -1.533981
0.681000, -1.527845
0.676000, -1.521709
0.677000, -1.515573
0.677000, -1.509437
0.677000, -1.503301
0.682000, -1.497165
0.684000, -1.491029
0.684000, -1.484893
0.684000, -1.478758
0.682000, -1.472622
0.681000, -1.466486
0.681000, -1.460350
0.681000, -1.454214
0.690000, -1.448078
0.690000, -1.441942
0.690000, -1.435806
0.690000, -1.429670
0.685000, -1.423534
0.685000, -1.417398
0.691000, -1.411262
0.691000, -1.405126
0.685000, -1.398991
0.694000, -1.392855
0.694000, -1.386719
0.700000, -1.380583
0.700000, -1.374447
0.708000, -1.368311
0.700000, -1.362175
0.698000, -1.356039
0.698000, -1.349903
0.704000, -1.343767
0.704000, -1.337631
0.705000, -1.331495
0.705000, -1.325359
0.704000, -1.319224
0.708000, -1.313088
0.708000, -1.306952
0.708000, -1.300816
0.715000, -1.294680
0.715000, -1.288544
0.715000, -1.282408
0.715000, -1.276272
0.715000, -1.270136
0.717000, -1.264000
0.727000, -1.257864
0.727000, -1.251728
0.728000, -1.245592
0.731000, -1.239457
0.731000, -1.233321
0.731000, -1.227185
0.738000, -1.221049
0.738000, -1.214913
0.729000, -1.208777
0.729000, -1.202641
0.729000, -1.196505
0.729000, -1.190369
0.734000, -1.184233
0.734000, -1.178097
0.734000, -1.171961
0.734000, -1.165825
0.734000, -1.159690
0.750000, -1.153554
0.756000, -1.147418
0.757000, -1.141282
0.759000, -1.135146
0.759000, -1.129010
0.759000, -1.122874
0.751000, -1.116738
0.751000, -1.110602
0.751000, -1.104466
0.750000, -1.098330
0.761000, -1.092194
0.761000, -1.086058
0.750000, -1.079923
0.748000, -1.073787
0.748000, -1.067651
0.748000, -1.061515
0.748000, -1.055379
0.749000, -1.049243
0.753000, -1.043107
0.756000, -1.036971
0.760000, -1.030835
0.756000, -1.024699
0.760000, -1.018563
0.761000, -1.012427
0.772000, -1.006291
0.772000, -1.000156
0.781000, -0.994020
0.783000, -0.987884
nan, -0.957204
0.892000, -0.901981
0.891000, -0.895845
0.891000, -0.889709
0.892000, -0.883573
nan, -0.834486
0.666000, -0.398835
0.650000, -0.392699
0.650000, -0.386563
0.654000, -0.380427
0.654000, -0.374291
0.654000, -0.368155
0.654000, -0.362019
0.654000, -0.355884
0.645000, -0.349748
0.632000, -0.343612
0.632000, -0.337476
0.632000, -0.331340
0.625000, -0.325204
0.625000, -0.319068
0.625000, -0.312932
0.628000, -0.306796
0.627000, -0.300660
0.628000, -0.294524
0.627000, -0.288388
0.627000, -0.282252
0.626000, -0.276117
0.617000, -0.269981
0.617000, -0.263845
0.617000, -0.257709
0.623000, -0.251573
0.623000, -0.245437
0.623000, -0.239301
0.623000, -0.233165
0.622000, -0.227029
0.620000, -0.220893
0.615000, -0.214757
0.615000, -0.208621
0.612000, -0.202485
0.612000, -0.196350
0.609000, -0.190214
0.609000, -0.184078
0.601000, -0.177942
0.601000, -0.171806
0.600000, -0.165670
0.600000, -0.159534
0.600000, -0.153398
0.600000, -0.147262
0.599000, -0.141126
0.600000, -0.134990
0.600000, -0.128854
0.598000, -0.122718
0.598000, -0.116583
0.599000, -0.110447
0.593000, -0.104311
0.593000, -0.098175
0.599000, -0.092039
0.593000, -0.085903
0.589000, -0.079767
0.586000, -0.073631
0.586000, -0.067495
0.586000, -0.061359
0.589000, -0.055223
0.589000, -0.049087
0.589000, -0.042951
0.591000, -0.036816
0.588000, -0.030680
0.588000, -0.024544
0.588000, -0.018408
0.588000, -0.012272
0.588000, -0.006136
0.593000, 0.000000
0.593000, 0.006136
0.595000, 0.012272
0.600000, 0.018408
0.600000, 0.024544
0.595000, 0.030680
0.589000, 0.036816
0.586000, 0.042951
0.586000, 0.049087
0.586000, 0.055223
0.587000, 0.061359
0.583000, 0.067495
0.587000, 0.073631
0.581000, 0.079767
0.581000, 0.085903
0.581000, 0.092039
0.592000, 0.098175
0.599000, 0.104311
0.599000, 0.110447
0.599000, 0.116583
0.592000, 0.122718
0.581000, 0.128854
0.575000, 0.134990
0.575000, 0.141126
0.576000, 0.147262
0.576000, 0.153398
0.578000, 0.159534
0.586000, 0.165670
0.588000, 0.171806
0.588000, 0.177942
0.586000, 0.184078
0.580000, 0.190214
0.578000, 0.196350
0.576000, 0.202485
0.576000, 0.208621
0.576000, 0.214757
0.588000, 0.220893
0.588000, 0.227029
0.588000, 0.233165
0.587000, 0.239301
0.587000, 0.245437
0.584000, 0.251573
0.583000, 0.257709
0.587000, 0.263845
0.590000, 0.269981
0.593000, 0.276117
0.600000, 0.282252
0.601000, 0.288388
0.601000, 0.294524
0.601000, 0.300660
0.598000, 0.306796
0.596000, 0.312932
0.596000, 0.319068
0.596000, 0.325204
0.603000, 0.331340
0.603000, 0.337476
0.603000, 0.343612
0.608000, 0.349748
0.608000, 0.355884
0.608000, 0.362019
0.611000, 0.368155
0.612000, 0.374291
0.614000, 0.380427
0.615000, 0.386563
0.622000, 0.392699
0.619000, 0.398835
0.622000, 0.404971
0.627000, 0.411107
0.638000, 0.417243
0.638000, 0.423379
0.638000, 0.429515
0.638000, 0.435651
4.253000, 0.441786
4.280000, 0.447922
4.297000, 0.454058
4.280000, 0.460194
4.280000, 0.466330
4.240000, 0.472466
4.169000, 0.478602
4.169000, 0.484738
4.169000, 0.490874
4.170000, 0.497010
3.564000, 0.576777
3.564000, 0.582913
3.553000, 0.589049
3.496000, 0.595185
3.417000, 0.601320
3.356000, 0.607456
3.353000, 0.613592
3.283000, 0.619728
3.281000, 0.625864
3.164000, 0.632000
3.133000, 0.638136
3.097000, 0.644272
3.084000, 0.650408
3.038000, 0.656544
3.028000, 0.662680
2.982000, 0.668816
2.982000, 0.674952
2.982000, 0.681087
2.980000, 0.687223
2.986000, 0.693359
2.991000, 0.699495
3.014000, 0.705631
3.020000, 0.711767
3.027000, 0.717903
3.056000, 0.724039
3.061000, 0.730175
3.094000, 0.736311
3.102000, 0.742447
3.122000, 0.748583
3.132000, 0.754719
3.144000, 0.760854
3.171000, 0.766990
3.198000, 0.773126
3.213000, 0.779262
3.223000, 0.785398
3.240000, 0.791534
3.265000, 0.797670
3.285000, 0.803806
3.293000, 0.809942
3.313000, 0.816078
3.330000, 0.822214
3.388000, 0.828350
3.389000, 0.834486
3.434000, 0.840621
nan, 0.889709
3.331000, 0.895845
3.331000, 0.901981
3.331000, 0.908117
3.250000, 0.914253
3.236000, 0.920388
3.232000, 0.926524
3.220000, 0.932660
3.196000, 0.938796
3.191000, 0.944932
3.167000, 0.951068
3.156000, 0.957204
3.150000, 0.963340
3.129000, 0.969476
3.113000, 0.975612
3.100000, 0.981748
3.091000, 0.987884
3.081000, 0.994020
3.065000, 1.000156
3.045000, 1.006291
3.042000, 1.012427
3.013000, 1.018563
2.995000, 1.024699
2.993000, 1.030835
2.983000, 1.036971
2.976000, 1.043107
2.962000, 1.049243
2.944000, 1.055379
2.936000, 1.061515
2.922000, 1.067651
2.921000, 1.073787
2.906000, 1.079923
2.903000, 1.086058
2.887000, 1.092194
2.884000, 1.098330
2.866000, 1.104466
2.861000, 1.110602
2.851000, 1.116738
2.834000, 1.122874
2.831000, 1.129010
2.813000, 1.135146
2.812000, 1.141282
2.811000, 1.147418
2.811000, 1.153554
2.792000, 1.159690
2.786000, 1.165825
2.779000, 1.171961
2.768000, 1.178097
2.762000, 1.184233
2.755000, 1.190369
2.746000, 1.196505
2.737000, 1.202641
2.726000, 1.208777
2.725000, 1.214913
2.714000, 1.221049
2.714000, 1.227185
2.714000, 1.233321
2.697000, 1.239457
2.690000, 1.245592
2.680000, 1.251728
2.679000, 1.257864
2.674000, 1.264000
2.668000, 1.270136
2.665000, 1.276272
2.648000, 1.282408
2.646000, 1.288544
2.646000, 1.294680
2.646000, 1.300816
2.634000, 1.306952
2.634000, 1.313088
2.614000, 1.319224
2.613000, 1.325359
2.608000, 1.331495
2.612000, 1.337631
2.612000, 1.343767
2.600000, 1.349903
2.598000, 1.356039
2.585000, 1.362175
2.585000, 1.368311
2.581000, 1.374447
2.580000, 1.380583
2.571000, 1.386719
2.558000, 1.392855
2.557000, 1.398991
2.556000, 1.405126
2.555000, 1.411262
2.555000, 1.417398
2.553000, 1.423534
2.553000, 1.429670
2.552000, 1.435806
2.552000, 1.441942
2.542000, 1.448078
2.536000, 1.454214
2.527000, 1.460350
2.527000, 1.466486
2.522000, 1.472622
2.521000, 1.478758
2.521000, 1.484893
2.515000, 1.491029
2.515000, 1.497165
2.515000, 1.503301
2.515000, 1.509437
2.516000, 1.515573
2.519000, 1.521709
2.516000, 1.527845
2.512000, 1.533981
2.512000, 1.540117
2.511000, 1.546253
2.504000, 1.552389
2.501000, 1.558525
2.501000, 1.564660
