2.155000, -1.116738
2.145000, -1.110602
2.145000, -1.104466
2.144000, -1.098330
2.140000, -1.092194
2.143000, -1.086058
2.140000, -1.079923
2.128000, -1.073787
2.128000, -1.067651
2.128000, -1.061515
2.125000, -1.055379
2.113000, -1.049243
2.113000, -1.043107
2.113000, -1.036971
2.125000, -1.030835
2.155000, -1.024699
3.823000, -0.908117
3.823000, -0.901981
3.816000, -0.895845
3.823000, -0.889709
nan, -0.883573
nan, -0.852893
3.778000, -0.846757
2.292000, -0.840621
2.277000, -0.834486
2.277000, -0.828350
2.277000, -0.822214
2.277000, -0.816078
2.277000, -0.809942
2.276000, -0.803806
2.276000, -0.797670
2.285000, -0.791534
2.286000, -0.785398
2.286000, -0.779262
2.292000, -0.773126
2.296000, -0.766990
3.722000, -0.760854
3.741000, -0.754719
3.746000, -0.748583
3.746000, -0.742447
3.748000, -0.736311
3.753000, -0.730175
3.748000, -0.724039
3.748000, -0.717903
3.755000, -0.711767
3.747000, -0.705631
3.747000, -0.699495
3.747000, -0.693359
3.747000, -0.687223
3.740000, -0.681087
3.740000, -0.674952
3.740000, -0.668816
3.759000, -0.662680
3.759000, -0.656544
3.759000, -0.650408
3.941000, -0.601320
3.941000, -0.595185
3.941000, -0.589049
3.954000, -0.582913
3.956000, -0.576777
3.973000, -0.570641
3.974000, -0.564505
3.974000, -0.558369
3.974000, -0.552233
3.976000, -0.546097
3.979000, -0.539961
3.984000, -0.533825
3.995000, -0.527689
3.996000, -0.521553
4.001000, -0.515418
4.001000, -0.509282
4.001000, -0.503146
4.003000, -0.497010
4.003000, -0.490874
4.007000, -0.484738
4.034000, -0.478602
4.034000, -0.472466
4.034000, -0.466330
4.040000, -0.460194
4.043000, -0.454058
4.054000, -0.447922
4.057000, -0.441786
4.057000, -0.435651
4.063000, -0.429515
4.063000, -0.423379
3.986000, -0.417243
3.982000, -0.411107
3.982000, -0.404971
3.982000, -0.398835
3.989000, -0.392699
3.991000, -0.386563
4.001000, -0.380427
4.006000, -0.374291
4.030000, -0.368155
4.033000, -0.362019
4.039000, -0.355884
4.040000, -0.349748
4.040000, -0.343612
4.062000, -0.337476
4.068000, -0.331340
4.071000, -0.325204
4.076000, -0.319068
4.090000, -0.312932
4.097000, -0.306796
4.104000, -0.300660
4.127000, -0.294524
4.141000, -0.288388
4.148000, -0.282252
4.153000, -0.276117
4.153000, -0.269981
4.153000, -0.263845
4.125000, -0.257709
4.066000, -0.251573
4.027000, -0.245437
4.027000, -0.239301
4.023000, -0.233165
4.023000, -0.227029
4.027000, -0.220893
4.027000, -0.214757
nan, -0.202485
nan, -0.190214
3.724000, -0.184078
3.643000, -0.177942
3.607000, -0.171806
3.537000, -0.165670
3.485000, -0.159534
3.478000, -0.153398
3.409000, -0.147262
3.377000, -0.141126
3.356000, -0.134990
3.309000, -0.128854
3.269000, -0.122718
3.253000, -0.116583
3.181000, -0.110447
3.159000, -0.104311
3.140000, -0.098175
3.091000, -0.092039
2.996000, -0.085903
2.975000, -0.079767
2.949000, -0.073631
2.929000, -0.067495
2.905000, -0.061359
2.864000, -0.055223
2.846000, -0.049087
2.822000, -0.042951
2.822000, -0.036816
2.822000, -0.030680
2.838000, -0.024544
2.853000, -0.018408
2.855000, -0.012272
2.881000, -0.006136
2.905000, 0.000000
2.920000, 0.006136
2.927000, 0.012272
2.941000, 0.018408
2.961000, 0.024544
2.965000, 0.030680
2.966000, 0.036816
2.993000, 0.042951
3.012000, 0.049087
3.029000, 0.055223
3.042000, 0.061359
3.042000, 0.067495
3.061000, 0.073631
3.101000, 0.079767
3.119000, 0.085903
3.124000, 0.092039
3.152000, 0.098175
3.161000, 0.104311
3.193000, 0.110447
3.194000, 0.116583
3.219000, 0.122718
3.256000, 0.128854
3.258000, 0.134990
nan, 0.159534
nan, 0.171806
2.986000, 0.184078
3.005000, 0.190214
2.974000, 0.196350
2.974000, 0.202485
2.974000, 0.208621
3.005000, 0.214757
3.009000, 0.220893
3.030000, 0.227029
3.030000, 0.233165
3.039000, 0.239301
3.039000, 0.245437
3.039000, 0.251573
3.012000, 0.257709
2.986000, 0.263845
2.981000, 0.269981
2.974000, 0.276117
2.969000, 0.282252
2.947000, 0.288388
2.934000, 0.294524
2.930000, 0.300660
2.924000, 0.306796
2.917000, 0.312932
2.906000, 0.319068
2.887000, 0.325204
2.875000, 0.331340
2.875000, 0.337476
2.870000, 0.343612
2.849000, 0.349748
0.733000, 0.355884
0.707000, 0.362019
0.674000, 0.368155
0.648000, 0.374291
0.647000, 0.380427
0.628000, 0.386563
0.621000, 0.392699
0.610000, 0.398835
0.610000, 0.404971
0.610000, 0.411107
0.610000, 0.417243
0.617000, 0.423379
0.617000, 0.429515
0.617000, 0.435651
0.622000, 0.441786
0.624000, 0.447922
0.622000, 0.454058
0.624000, 0.460194
0.624000, 0.466330
0.624000, 0.472466
0.626000, 0.478602
0.627000, 0.484738
0.627000, 0.490874
0.627000, 0.497010
0.627000, 0.503146
0.625000, 0.509282
0.624000, 0.515418
0.624000, 0.521553
0.632000, 0.527689
0.633000, 0.533825
0.634000, 0.539961
0.634000, 0.546097
0.636000, 0.552233
0.651000, 0.558369
0.653000, 0.564505
0.653000, 0.570641
0.651000, 0.576777
0.655000, 0.582913
0.655000, 0.589049
0.655000, 0.595185
0.660000, 0.601320
0.660000, 0.607456
0.665000, 0.613592
0.668000, 0.619728
0.668000, 0.625864
0.665000, 0.632000
0.672000, 0.638136
0.684000, 0.644272
0.678000, 0.650408
0.684000, 0.656544
0.684000, 0.662680
0.679000, 0.668816
0.679000, 0.674952
0.680000, 0.681087
0.680000, 0.687223
0.690000, 0.693359
0.692000, 0.699495
0.697000, 0.705631
0.697000, 0.711767
0.696000, 0.717903
0.698000, 0.724039
0.698000, 0.730175
0.713000, 0.736311
0.714000, 0.742447
0.723000, 0.748583
0.723000, 0.754719
0.723000, 0.760854
0.732000, 0.766990
0.732000, 0.773126
0.732000, 0.779262
0.732000, 0.785398
0.739000, 0.791534
0.748000, 0.797670
0.749000, 0.803806
0.750000, 0.809942
0.755000, 0.816078
0.756000, 0.822214
0.764000, 0.828350
0.764000, 0.834486
0.764000, 0.840621
0.753000, 0.846757
0.753000, 0.852893
0.753000, 0.859029
0.778000, 0.865165
0.778000, 0.871301
0.782000, 0.877437
0.778000, 0.883573
0.778000, 0.889709
0.785000, 0.895845
0.792000, 0.901981
0.792000, 0.908117
0.796000, 0.914253
0.809000, 0.920388
0.813000, 0.926524
0.821000, 0.932660
0.821000, 0.938796
0.849000, 0.944932
0.855000, 0.951068
0.855000, 0.957204
0.855000, 0.963340
0.866000, 0.969476
0.870000, 0.975612
0.890000, 0.981748
0.897000, 0.987884
0.990000, 0.994020
0.996000, 1.000156
0.996000, 1.006291
0.996000, 1.012427
0.960000, 1.018563
0.920000, 1.024699
0.911000, 1.030835
0.911000, 1.036971
0.906000, 1.043107
0.911000, 1.049243
0.918000, 1.055379
0.918000, 1.061515
0.920000, 1.067651
0.922000, 1.073787
0.938000, 1.079923
0.939000, 1.086058
0.940000, 1.092194
0.939000, 1.098330
0.940000, 1.104466
0.940000, 1.110602
0.940000, 1.116738
0.939000, 1.122874
0.940000, 1.129010
0.939000, 1.135146
0.939000, 1.141282
0.947000, 1.147418
0.955000, 1.153554
0.955000, 1.159690
0.959000, 1.165825
0.959000, 1.171961
0.970000, 1.178097
0.972000, 1.184233
0.972000, 1.190369
0.972000, 1.196505
0.972000, 1.202641
0.972000, 1.208777
0.988000, 1.214913
0.988000, 1.221049
0.991000, 1.227185
0.999000, 1.233321
0.991000, 1.239457
0.995000, 1.245592
0.995000, 1.251728
0.995000, 1.257864
0.995000, 1.264000
0.995000, 1.270136
0.988000, 1.276272
0.995000, 1.282408
0.993000, 1.288544
0.987000, 1.294680
0.986000, 1.300816
0.983000, 1.306952
0.983000, 1.313088
0.983000, 1.319224
0.988000, 1.325359
0.988000, 1.331495
0.991000, 1.337631
0.997000, 1.343767
0.997000, 1.349903
0.997000, 1.356039
0.997000, 1.362175
1.000000, 1.368311
0.997000, 1.374447
0.997000, 1.380583
0.994000, 1.386719
0.994000, 1.392855
0.994000, 1.398991
0.994000, 1.405126
1.007000, 1.411262
1.007000, 1.417398
0.999000, 1.423534
0.999000, 1.429670
0.999000, 1.435806
0.997000, 1.441942
0.983000, 1.448078
0.983000, 1.454214
0.983000, 1.460350
0.992000, 1.466486
0.992000, 1.472622
0.992000, 1.478758
0.988000, 1.484893
0.983000, 1.491029
0.976000, 1.497165
0.976000, 1.503301
0.976000, 1.509437
0.974000, 1.515573
0.974000, 1.521709
0.974000, 1.527845
0.974000, 1.533981
0.970000, 1.540117
0.970000, 1.546253
0.970000, 1.552389
0.971000, 1.558525
0.972000, 1.564660
