0.533000, -1.570796
0.533000, -1.564660
0.532000, -1.558525
0.543000, -1.552389
0.552000, -1.546253
2.683000, -1.540117
2.683000, -1.533981
2.683000, -1.527845
2.660000, -1.521709
2.660000, -1.515573
2.660000, -1.509437
2.654000, -1.503301
2.654000, -1.497165
0.525000, -1.491029
0.524000, -1.484893
0.524000, -1.478758
0.525000, -1.472622
0.520000, -1.466486
0.527000, -1.460350
0.527000, -1.454214
0.527000, -1.448078
0.526000, -1.441942
0.526000, -1.435806
0.526000, -1.429670
0.525000, -1.423534
0.519000, -1.417398
0.525000, -1.411262
0.519000, -1.405126
0.519000, -1.398991
0.525000, -1.392855
0.525000, -1.386719
0.515000, -1.380583
0.525000, -1.374447
0.525000, -1.368311
0.529000, -1.362175
0.529000, -1.356039
0.529000, -1.349903
0.527000, -1.343767
0.520000, -1.337631
0.520000, -1.331495
0.527000, -1.325359
0.519000, -1.319224
0.540000, -1.313088
0.540000, -1.306952
0.540000, -1.300816
0.531000, -1.294680
0.532000, -1.288544
0.531000, -1.282408
0.522000, -1.276272
0.519000, -1.270136
0.518000, -1.264000
0.518000, -1.257864
0.519000, -1.251728
0.529000, -1.245592
0.529000, -1.239457
0.529000, -1.233321
0.526000, -1.227185
0.514000, -1.221049
0.514000, -1.214913
0.514000, -1.208777
0.508000, -1.202641
0.508000, -1.196505
0.524000, -1.190369
0.522000, -1.184233
0.522000, -1.178097
0.523000, -1.171961
0.523000, -1.165825
0.522000, -1.159690
0.523000, -1.153554
0.523000, -1.147418
0.519000, -1.141282
0.519000, -1.135146
0.519000, -1.129010
0.514000, -1.122874
0.514000, -1.116738
0.514000, -1.110602
0.527000, -1.104466
0.527000, -1.098330
0.644000, -1.092194
0.644000, -1.086058
0.644000, -1.079923
0.599000, -1.073787
0.572000, -1.067651
0.551000, -1.061515
0.526000, -1.055379
0.522000, -1.049243
0.522000, -1.043107
0.522000, -1.036971
0.522000, -1.030835
0.523000, -1.024699
0.527000, -1.018563
0.527000, -1.012427
0.527000, -1.006291
0.536000, -1.000156
0.540000, -0.994020
0.540000, -0.987884
0.540000, -0.981748
0.523000, -0.975612
0.523000, -0.969476
0.523000, -0.963340
0.523000, -0.957204
0.523000, -0.951068
0.517000, -0.944932
0.515000, -0.938796
0.515000, -0.932660
0.517000, -0.926524
0.532000, -0.920388
0.542000, -0.914253
0.542000, -0.908117
0.541000, -0.901981
0.541000, -0.895845
0.541000, -0.889709
0.541000, -0.883573
0.541000, -0.877437
0.545000, -0.871301
0.541000, -0.865165
0.545000, -0.859029
0.550000, -0.852893
0.552000, -0.846757
0.552000, -0.840621
0.556000, -0.834486
0.556000, -0.828350
0.556000, -0.822214
0.559000, -0.816078
0.564000, -0.809942
0.564000, -0.803806
0.564000, -0.797670
0.565000, -0.791534
0.565000, -0.785398
0.572000, -0.779262
0.572000, -0.773126
0.573000, -0.766990
0.572000, -0.760854
0.580000, -0.754719
0.582000, -0.748583
0.582000, -0.742447
0.582000, -0.736311
0.582000, -0.730175
0.582000, -0.724039
0.586000, -0.717903
0.586000, -0.711767
0.597000, -0.705631
0.597000, -0.699495
0.597000, -0.693359
0.603000, -0.687223
0.603000, -0.681087
0.603000, -0.674952
0.603000, -0.668816
0.604000, -0.662680
0.607000, -0.656544
0.611000, -0.650408
0.620000, -0.644272
0.620000, -0.638136
0.628000, -0.632000
0.628000, -0.625864
0.629000, -0.619728
0.631000, -0.613592
0.636000, -0.607456
0.636000, -0.601320
0.636000, -0.595185
0.636000, -0.589049
0.647000, -0.582913
0.647000, -0.576777
0.647000, -0.570641
0.662000, -0.564505
0.662000, -0.558369
0.665000, -0.552233
0.668000, -0.546097
0.668000, -0.539961
0.668000, -0.533825
0.669000, -0.527689
0.669000, -0.521553
0.669000, -0.515418
0.669000, -0.509282
0.671000, -0.503146
0.678000, -0.497010
0.681000, -0.490874
0.681000, -0.484738
0.681000, -0.478602
0.684000, -0.472466
0.699000, -0.466330
0.699000, -0.460194
0.715000, -0.454058
0.720000, -0.447922
0.730000, -0.441786
0.731000, -0.435651
0.748000, -0.429515
0.754000, -0.423379
0.754000, -0.417243
0.757000, -0.411107
0.763000, -0.404971
0.773000, -0.398835
0.773000, -0.392699
0.774000, -0.386563
0.789000, -0.380427
0.790000, -0.374291
0.802000, -0.368155
0.817000, -0.362019
3.339000, -0.355884
3.339000, -0.349748
3.339000, -0.343612
3.337000, -0.337476
3.321000, -0.331340
3.317000, -0.325204
0.861000, -0.319068
0.852000, -0.312932
0.852000, -0.306796
0.861000, -0.300660
0.852000, -0.294524
0.852000, -0.288388
0.851000, -0.282252
0.851000, -0.276117
0.847000, -0.269981
0.841000, -0.263845
0.833000, -0.257709
0.847000, -0.251573
0.833000, -0.245437
0.833000, -0.239301
0.832000, -0.233165
0.832000, -0.227029
0.826000, -0.220893
0.822000, -0.214757
0.821000, -0.208621
0.818000, -0.202485
0.816000, -0.196350
0.816000, -0.190214
0.806000, -0.184078
0.806000, -0.177942
0.805000, -0.171806
0.804000, -0.165670
0.804000, -0.159534
0.804000, -0.153398
0.804000, -0.147262
0.802000, -0.141126
0.802000, -0.134990
0.802000, -0.128854
0.802000, -0.122718
0.802000, -0.116583
0.790000, -0.110447
0.783000, -0.104311
0.775000, -0.098175
0.770000, -0.092039
0.760000, -0.085903
0.756000, -0.079767
0.756000, -0.073631
0.760000, -0.067495
0.756000, -0.061359
0.753000, -0.055223
0.750000, -0.049087
0.748000, -0.042951
0.738000, -0.036816
0.738000, -0.030680
0.733000, -0.024544
0.738000, -0.018408
0.738000, -0.012272
0.738000, -0.006136
0.738000, 0.000000
0.738000, 0.006136
0.738000, 0.012272
0.731000, 0.018408
0.740000, 0.024544
0.731000, 0.030680
0.731000, 0.036816
0.729000, 0.042951
0.731000, 0.049087
0.729000, 0.055223
0.729000, 0.061359
0.729000, 0.067495
0.731000, 0.073631
0.727000, 0.079767
0.721000, 0.085903
0.721000, 0.092039
0.719000, 0.098175
0.719000, 0.104311
0.719000, 0.110447
0.719000, 0.116583
0.721000, 0.122718
0.723000, 0.128854
0.724000, 0.134990
0.726000, 0.141126
0.730000, 0.147262
0.726000, 0.153398
0.726000, 0.159534
0.726000, 0.165670
0.724000, 0.171806
0.722000, 0.177942
0.720000, 0.184078
0.720000, 0.190214
0.719000, 0.196350
0.722000, 0.202485
0.719000, 0.208621
0.719000, 0.214757
0.719000, 0.220893
0.711000, 0.227029
0.710000, 0.233165
0.710000, 0.239301
0.710000, 0.245437
0.710000, 0.251573
0.713000, 0.257709
0.713000, 0.263845
0.726000, 0.269981
0.726000, 0.276117
0.715000, 0.282252
0.715000, 0.288388
0.715000, 0.294524
0.715000, 0.300660
0.714000, 0.306796
0.714000, 0.312932
0.714000, 0.319068
0.720000, 0.325204
0.720000, 0.331340
0.728000, 0.337476
0.728000, 0.343612
0.728000, 0.349748
0.726000, 0.355884
0.726000, 0.362019
0.726000, 0.368155
0.728000, 0.374291
0.728000, 0.380427
0.728000, 0.386563
0.723000, 0.392699
0.721000, 0.398835
0.721000, 0.404971
0.723000, 0.411107
0.729000, 0.417243
0.729000, 0.423379
0.729000, 0.429515
0.728000, 0.435651
0.728000, 0.441786
0.728000, 0.447922
0.726000, 0.454058
0.728000, 0.460194
0.737000, 0.466330
0.728000, 0.472466
0.728000, 0.478602
0.736000, 0.484738
0.737000, 0.490874
0.743000, 0.497010
0.748000, 0.503146
0.748000, 0.509282
0.748000, 0.515418
0.748000, 0.521553
0.748000, 0.527689
0.741000, 0.533825
0.748000, 0.539961
0.748000, 0.546097
0.754000, 0.552233
0.765000, 0.558369
0.765000, 0.564505
0.765000, 0.570641
0.765000, 0.576777
0.763000, 0.582913
0.763000, 0.589049
0.775000, 0.595185
0.775000, 0.601320
0.775000, 0.607456
0.775000, 0.613592
0.764000, 0.619728
0.764000, 0.625864
0.774000, 0.632000
0.774000, 0.638136
0.780000, 0.644272
0.783000, 0.650408
0.783000, 0.656544
0.781000, 0.662680
0.781000, 0.668816
0.783000, 0.674952
0.781000, 0.681087
0.786000, 0.687223
0.790000, 0.693359
0.790000, 0.699495
0.799000, 0.705631
0.805000, 0.711767
0.805000, 0.717903
0.805000, 0.724039
0.805000, 0.730175
0.811000, 0.736311
0.816000, 0.742447
0.748000, 0.914253
0.719000, 0.920388
0.715000, 0.926524
0.700000, 0.932660
0.697000, 0.938796
0.697000, 0.944932
0.700000, 0.951068
0.722000, 0.957204
0.722000, 0.963340
0.722000, 0.969476
0.713000, 0.975612
0.692000, 0.981748
0.692000, 0.987884
0.692000, 0.994020
0.742000, 1.000156
0.784000, 1.006291
0.795000, 1.012427
0.795000, 1.018563
0.795000, 1.024699
nan, 1.049243
0.822000, 1.055379
0.821000, 1.061515
0.821000, 1.067651
0.821000, 1.073787
0.821000, 1.079923
0.821000, 1.086058
0.675000, 1.092194
0.646000, 1.098330
0.630000, 1.104466
0.630000, 1.110602
0.630000, 1.116738
0.625000, 1.122874
0.625000, 1.129010
0.624000, 1.135146
0.614000, 1.141282
0.614000, 1.147418
0.614000, 1.153554
0.611000, 1.159690
0.604000, 1.165825
0.604000, 1.171961
0.604000, 1.178097
0.597000, 1.184233
0.597000, 1.190369
0.597000, 1.196505
0.589000, 1.202641
0.589000, 1.208777
0.587000, 1.214913
0.587000, 1.221049
0.587000, 1.227185
0.587000, 1.233321
0.586000, 1.239457
0.578000, 1.245592
0.571000, 1.251728
0.571000, 1.257864
0.571000, 1.264000
0.571000, 1.270136
0.575000, 1.276272
0.575000, 1.282408
0.563000, 1.288544
0.563000, 1.294680
0.554000, 1.300816
0.552000, 1.306952
0.549000, 1.313088
0.549000, 1.319224
0.549000, 1.325359
0.549000, 1.331495
0.549000, 1.337631
0.551000, 1.343767
0.551000, 1.349903
0.546000, 1.356039
0.551000, 1.362175
0.546000, 1.368311
0.534000, 1.374447
0.546000, 1.380583
0.551000, 1.386719
0.544000, 1.392855
0.548000, 1.398991
0.548000, 1.405126
0.544000, 1.411262
0.535000, 1.417398
0.535000, 1.423534
0.533000, 1.429670
0.535000, 1.435806
0.535000, 1.441942
0.534000, 1.448078
0.525000, 1.454214
0.518000, 1.460350
0.518000, 1.466486
0.508000, 1.472622
0.506000, 1.478758
0.508000, 1.484893
0.516000, 1.491029
0.516000, 1.497165
0.525000, 1.503301
0.527000, 1.509437
0.527000, 1.515573
0.527000, 1.521709
0.525000, 1.527845
0.517000, 1.533981
0.517000, 1.540117
0.517000, 1.546253
0.517000, 1.552389
0.510000, 1.558525
0.501000, 1.564660
