2.448000, -1.570796
2.448000, -1.564660
2.448000, -1.558525
2.450000, -1.552389
2.453000, -1.546253
2.453000, -1.540117
2.451000, -1.533981
2.459000, -1.527845
2.457000, -1.521709
2.453000, -1.515573
2.457000, -1.509437
2.457000, -1.503301
2.454000, -1.497165
2.453000, -1.491029
2.454000, -1.484893
2.454000, -1.478758
2.454000, -1.472622
2.457000, -1.466486
2.457000, -1.460350
2.460000, -1.454214
2.452000, -1.448078
2.460000, -1.441942
2.452000, -1.435806
2.456000, -1.429670
2.456000, -1.423534
2.456000, -1.417398
2.456000, -1.411262
2.466000, -1.405126
2.476000, -1.398991
2.481000, -1.392855
2.482000, -1.386719
2.481000, -1.380583
2.481000, -1.374447
2.479000, -1.368311
2.479000, -1.362175
2.479000, -1.356039
2.481000, -1.349903
2.482000, -1.343767
2.482000, -1.337631
2.491000, -1.331495
2.493000, -1.325359
2.493000, -1.319224
2.507000, -1.313088
2.511000, -1.306952
2.512000, -1.300816
2.520000, -1.294680
2.526000, -1.288544
2.528000, -1.282408
2.528000, -1.276272
2.532000, -1.270136
2.535000, -1.264000
2.544000, -1.257864
2.553000, -1.251728
2.553000, -1.245592
2.544000, -1.239457
0.849000, -1.233321
0.843000, -1.227185
0.843000, -1.221049
0.804000, -1.214913
0.779000, -1.208777
0.751000, -1.202641
0.743000, -1.196505
0.743000, -1.190369
0.743000, -1.184233
0.743000, -1.178097
0.750000, -1.171961
0.750000, -1.165825
0.750000, -1.159690
0.744000, -1.153554
0.750000, -1.147418
0.750000, -1.141282
0.752000, -1.135146
0.752000, -1.129010
0.752000, -1.122874
0.752000, -1.116738
0.753000, -1.110602
0.761000, -1.104466
0.761000, -1.098330
0.764000, -1.092194
0.764000, -1.086058
0.761000, -1.079923
0.759000, -1.073787
0.764000, -1.067651
0.768000, -1.061515
0.763000, -1.055379
0.768000, -1.049243
0.774000, -1.043107
0.775000, -1.036971
0.783000, -1.030835
0.783000, -1.024699
0.783000, -1.018563
0.783000, -1.012427
0.783000, -1.006291
0.790000, -1.000156
0.793000, -0.994020
0.796000, -0.987884
0.799000, -0.981748
0.800000, -0.975612
0.801000, -0.969476
0.810000, -0.963340
2.920000, -0.957204
2.937000, -0.951068
2.938000, -0.944932
2.938000, -0.938796
2.954000, -0.932660
2.965000, -0.926524
2.977000, -0.920388
3.003000, -0.914253
3.007000, -0.908117
3.021000, -0.901981
3.029000, -0.895845
3.040000, -0.889709
3.064000, -0.883573
3.082000, -0.877437
3.092000, -0.871301
3.094000, -0.865165
3.115000, -0.859029
3.126000, -0.852893
3.126000, -0.846757
3.126000, -0.840621
2.796000, -0.834486
2.755000, -0.828350
2.754000, -0.822214
2.741000, -0.816078
2.716000, -0.809942
2.706000, -0.803806
2.689000, -0.797670
2.675000, -0.791534
2.675000, -0.785398
2.662000, -0.779262
2.662000, -0.773126
2.662000, -0.766990
2.632000, -0.760854
1.113000, -0.754719
1.096000, -0.748583
1.077000, -0.742447
1.077000, -0.736311
1.063000, -0.730175
1.063000, -0.724039
1.059000, -0.717903
1.041000, -0.711767
1.032000, -0.705631
1.030000, -0.699495
1.029000, -0.693359
1.025000, -0.687223
1.025000, -0.681087
1.025000, -0.674952
1.032000, -0.668816
1.035000, -0.662680
1.035000, -0.656544
1.041000, -0.650408
1.041000, -0.644272
1.063000, -0.638136
1.084000, -0.632000
1.084000, -0.625864
1.084000, -0.619728
1.087000, -0.613592
1.087000, -0.607456
1.089000, -0.601320
1.097000, -0.595185
1.128000, -0.589049
1.128000, -0.582913
1.141000, -0.576777
1.155000, -0.570641
2.105000, -0.564505
2.105000, -0.558369
2.105000, -0.552233
2.090000, -0.546097
2.084000, -0.539961
2.080000, -0.533825
2.079000, -0.527689
2.077000, -0.521553
2.070000, -0.515418
2.050000, -0.509282
2.047000, -0.503146
2.043000, -0.497010
2.037000, -0.490874
2.009000, -0.484738
2.009000, -0.478602
2.006000, -0.472466
2.006000, -0.466330
nan, -0.460194
3.573000, -0.349748
3.562000, -0.343612
3.560000, -0.337476
3.546000, -0.331340
3.544000, -0.325204
3.530000, -0.319068
3.519000, -0.312932
3.513000, -0.306796
3.501000, -0.300660
3.501000, -0.294524
3.499000, -0.288388
3.483000, -0.282252
3.467000, -0.276117
3.461000, -0.269981
3.455000, -0.263845
3.455000, -0.257709
3.455000, -0.251573
3.464000, -0.245437
3.537000, -0.239301
3.537000, -0.233165
3.537000, -0.227029
3.535000, -0.220893
3.526000, -0.214757
3.519000, -0.208621
3.514000, -0.202485
3.508000, -0.196350
3.508000, -0.190214
3.492000, -0.184078
3.492000, -0.177942
3.491000, -0.171806
3.490000, -0.165670
3.490000, -0.159534
3.478000, -0.153398
3.478000, -0.147262
3.478000, -0.141126
3.473000, -0.134990
3.473000, -0.128854
1.164000, -0.122718
1.153000, -0.116583
1.151000, -0.110447
1.151000, -0.104311
1.140000, -0.098175
1.135000, -0.092039
1.135000, -0.085903
1.131000, -0.079767
1.127000, -0.073631
1.126000, -0.067495
1.126000, -0.061359
1.126000, -0.055223
1.126000, -0.049087
1.126000, -0.042951
1.127000, -0.036816
1.127000, -0.030680
1.127000, -0.024544
1.131000, -0.018408
1.131000, -0.012272
1.125000, -0.006136
1.131000, 0.000000
1.123000, 0.006136
1.123000, 0.012272
1.123000, 0.018408
1.123000, 0.024544
1.123000, 0.030680
1.123000, 0.036816
1.123000, 0.042951
1.123000, 0.049087
1.123000, 0.055223
1.117000, 0.061359
1.089000, 0.067495
1.089000, 0.073631
1.089000, 0.079767
1.094000, 0.085903
1.105000, 0.092039
1.105000, 0.098175
1.094000, 0.104311
1.091000, 0.110447
1.091000, 0.116583
1.091000, 0.122718
1.091000, 0.128854
1.091000, 0.134990
1.088000, 0.141126
1.088000, 0.147262
1.088000, 0.153398
1.090000, 0.159534
1.100000, 0.165670
1.100000, 0.171806
1.100000, 0.177942
1.099000, 0.184078
1.095000, 0.190214
1.093000, 0.196350
1.093000, 0.202485
1.093000, 0.208621
1.093000, 0.214757
1.091000, 0.220893
1.100000, 0.227029
1.108000, 0.233165
1.110000, 0.239301
1.110000, 0.245437
1.110000, 0.251573
1.111000, 0.257709
1.102000, 0.263845
1.101000, 0.269981
1.102000, 0.276117
1.109000, 0.282252
1.107000, 0.288388
1.109000, 0.294524
1.109000, 0.300660
1.108000, 0.306796
1.108000, 0.312932
1.113000, 0.319068
1.123000, 0.325204
1.126000, 0.331340
1.126000, 0.337476
1.131000, 0.343612
1.126000, 0.349748
1.126000, 0.355884
1.124000, 0.362019
1.124000, 0.368155
1.124000, 0.374291
1.124000, 0.380427
1.124000, 0.386563
1.135000, 0.392699
1.135000, 0.398835
1.138000, 0.404971
1.138000, 0.411107
1.140000, 0.417243
1.140000, 0.423379
1.142000, 0.429515
1.144000, 0.435651
1.147000, 0.441786
1.145000, 0.447922
1.147000, 0.454058
1.151000, 0.460194
1.151000, 0.466330
1.159000, 0.472466
1.160000, 0.478602
1.162000, 0.484738
1.162000, 0.490874
1.167000, 0.497010
1.171000, 0.503146
1.176000, 0.509282
1.176000, 0.515418
1.187000, 0.521553
1.190000, 0.527689
1.190000, 0.533825
1.187000, 0.539961
1.201000, 0.546097
1.204000, 0.552233
1.201000, 0.558369
1.201000, 0.564505
1.204000, 0.570641
1.204000, 0.576777
1.204000, 0.582913
1.224000, 0.589049
1.224000, 0.595185
1.116000, 0.711767
1.116000, 0.717903
1.116000, 0.724039
1.124000, 0.730175
1.046000, 0.816078
1.031000, 0.822214
1.005000, 0.828350
1.004000, 0.834486
1.003000, 0.840621
0.999000, 0.846757
0.990000, 0.852893
0.987000, 0.859029
0.976000, 0.865165
0.959000, 0.871301
0.958000, 0.877437
0.958000, 0.883573
0.958000, 0.889709
0.956000, 0.895845
0.956000, 0.901981
0.935000, 0.908117
0.929000, 0.914253
0.929000, 0.920388
0.924000, 0.926524
0.923000, 0.932660
0.918000, 0.938796
0.918000, 0.944932
0.911000, 0.951068
0.902000, 0.957204
0.877000, 0.963340
0.877000, 0.969476
0.877000, 0.975612
0.880000, 0.981748
0.881000, 0.987884
0.881000, 0.994020
0.880000, 1.000156
0.872000, 1.006291
0.852000, 1.012427
0.852000, 1.018563
0.851000, 1.024699
0.851000, 1.030835
0.839000, 1.036971
0.835000, 1.043107
0.835000, 1.049243
0.832000, 1.055379
0.832000, 1.061515
0.832000, 1.067651
0.838000, 1.073787
0.832000, 1.079923
0.830000, 1.086058
0.824000, 1.092194
0.823000, 1.098330
0.809000, 1.104466
0.803000, 1.110602
0.803000, 1.116738
0.803000, 1.122874
0.802000, 1.129010
0.803000, 1.135146
0.803000, 1.141282
0.802000, 1.147418
0.802000, 1.153554
0.787000, 1.159690
0.787000, 1.165825
0.786000, 1.171961
0.786000, 1.178097
0.782000, 1.184233
0.775000, 1.190369
0.775000, 1.196505
0.779000, 1.202641
0.775000, 1.208777
0.775000, 1.214913
0.771000, 1.221049
0.768000, 1.227185
0.768000, 1.233321
0.768000, 1.239457
0.768000, 1.245592
0.768000, 1.251728
0.763000, 1.257864
0.755000, 1.264000
0.750000, 1.270136
0.750000, 1.276272
0.750000, 1.282408
0.750000, 1.288544
0.754000, 1.294680
0.754000, 1.300816
0.754000, 1.306952
0.750000, 1.313088
0.748000, 1.319224
0.738000, 1.325359
0.738000, 1.331495
0.738000, 1.337631
0.737000, 1.343767
0.737000, 1.349903
0.738000, 1.356039
0.739000, 1.362175
0.737000, 1.368311
0.736000, 1.374447
0.726000, 1.380583
0.726000, 1.386719
0.715000, 1.392855
0.724000, 1.398991
0.724000, 1.405126
0.718000, 1.411262
0.718000, 1.417398
0.724000, 1.423534
0.719000, 1.429670
0.720000, 1.435806
0.721000, 1.441942
0.721000, 1.448078
0.720000, 1.454214
0.720000, 1.460350
0.716000, 1.466486
0.716000, 1.472622
0.716000, 1.478758
0.716000, 1.484893
0.714000, 1.491029
0.715000, 1.497165
0.714000, 1.503301
0.714000, 1.509437
0.715000, 1.515573
0.715000, 1.521709
0.716000, 1.527845
0.717000, 1.533981
0.717000, 1.540117
0.713000, 1.546253
0.708000, 1.552389
0.698000, 1.558525
0.698000, 1.564660
