1.975000, -1.570796
1.975000, -1.564660
1.978000, -1.558525
1.990000, -1.552389
1.994000, -1.546253
2.001000, -1.540117
2.011000, -1.533981
2.013000, -1.527845
2.014000, -1.521709
2.014000, -1.515573
2.026000, -1.509437
2.026000, -1.503301
2.043000, -1.497165
2.048000, -1.491029
2.056000, -1.484893
2.059000, -1.478758
2.071000, -1.472622
2.075000, -1.466486
2.075000, -1.460350
2.087000, -1.454214
2.093000, -1.448078
2.095000, -1.441942
2.117000, -1.435806
2.118000, -1.429670
2.133000, -1.423534
2.135000, -1.417398
2.148000, -1.411262
2.151000, -1.405126
2.151000, -1.398991
2.156000, -1.392855
2.175000, -1.386719
2.192000, -1.380583
2.199000, -1.374447
2.202000, -1.368311
2.205000, -1.362175
2.206000, -1.356039
2.244000, -1.349903
2.255000, -1.343767
2.264000, -1.337631
2.274000, -1.331495
2.279000, -1.325359
2.288000, -1.319224
2.306000, -1.313088
2.314000, -1.306952
2.327000, -1.300816
2.344000, -1.294680
2.348000, -1.288544
2.364000, -1.282408
2.376000, -1.276272
2.377000, -1.270136
2.380000, -1.264000
2.406000, -1.257864
2.423000, -1.251728
2.449000, -1.245592
2.458000, -1.239457
2.474000, -1.233321
2.478000, -1.227185
2.495000, -1.221049
2.515000, -1.214913
2.524000, -1.208777
2.550000, -1.202641
2.570000, -1.196505
2.586000, -1.190369
2.605000, -1.184233
2.620000, -1.178097
2.635000, -1.171961
2.647000, -1.165825
2.674000, -1.159690
2.689000, -1.153554
2.704000, -1.147418
2.718000, -1.141282
2.737000, -1.135146
2.743000, -1.129010
2.767000, -1.122874
2.785000, -1.116738
2.819000, -1.110602
2.822000, -1.104466
2.833000, -1.098330
2.868000, -1.092194
2.869000, -1.086058
2.911000, -1.079923
2.933000, -1.073787
2.951000, -1.067651
2.959000, -1.061515
2.969000, -1.055379
2.978000, -1.049243
2.978000, -1.043107
2.978000, -1.036971
2.598000, -1.030835
2.594000, -1.024699
2.575000, -1.018563
2.550000, -1.012427
2.547000, -1.006291
2.545000, -1.000156
2.534000, -0.994020
2.533000, -0.987884
2.517000, -0.981748
2.514000, -0.975612
2.514000, -0.969476
2.517000, -0.963340
2.522000, -0.957204
2.523000, -0.951068
nan, -0.944932
nan, -0.914253
nan, -0.877437
2.405000, -0.865165
2.387000, -0.859029
2.387000, -0.852893
2.369000, -0.846757
2.364000, -0.840621
2.364000, -0.834486
2.354000, -0.828350
2.343000, -0.822214
2.276000, -0.816078
2.271000, -0.809942
2.262000, -0.803806
2.255000, -0.797670
2.252000, -0.791534
2.242000, -0.785398
2.224000, -0.779262
2.217000, -0.773126
2.217000, -0.766990
2.216000, -0.760854
2.215000, -0.754719
2.213000, -0.748583
2.207000, -0.742447
2.201000, -0.736311
2.194000, -0.730175
2.193000, -0.724039
2.184000, -0.717903
2.177000, -0.711767
2.177000, -0.705631
2.177000, -0.699495
2.177000, -0.693359
2.168000, -0.687223
2.165000, -0.681087
2.159000, -0.674952
2.155000, -0.668816
2.149000, -0.662680
2.149000, -0.656544
2.148000, -0.650408
2.133000, -0.644272
2.132000, -0.638136
2.132000, -0.632000
2.133000, -0.625864
2.130000, -0.619728
2.130000, -0.613592
2.124000, -0.607456
2.123000, -0.601320
2.122000, -0.595185
2.112000, -0.589049
2.112000, -0.582913
2.112000, -0.576777
2.114000, -0.570641
2.128000, -0.564505
3.657000, -0.558369
3.657000, -0.552233
3.657000, -0.546097
3.650000, -0.539961
3.650000, -0.533825
3.650000, -0.527689
3.674000, -0.521553
3.690000, -0.515418
3.736000, -0.509282
3.738000, -0.503146
3.738000, -0.497010
3.740000, -0.490874
3.745000, -0.484738
3.745000, -0.478602
3.763000, -0.472466
3.763000, -0.466330
3.763000, -0.460194
2.040000, -0.454058
2.039000, -0.447922
2.030000, -0.441786
2.030000, -0.435651
2.033000, -0.429515
2.033000, -0.423379
2.033000, -0.417243
2.033000, -0.411107
2.032000, -0.404971
2.025000, -0.398835
2.025000, -0.392699
2.025000, -0.386563
2.031000, -0.380427
2.031000, -0.374291
2.038000, -0.368155
2.038000, -0.362019
2.031000, -0.355884
2.032000, -0.349748
2.038000, -0.343612
2.048000, -0.337476
2.042000, -0.331340
2.042000, -0.325204
2.042000, -0.319068
2.034000, -0.312932
2.034000, -0.306796
2.034000, -0.300660
2.048000, -0.294524
2.048000, -0.288388
2.048000, -0.282252
2.059000, -0.276117
2.055000, -0.269981
2.048000, -0.263845
2.055000, -0.257709
2.059000, -0.251573
2.073000, -0.245437
2.078000, -0.239301
2.078000, -0.233165
2.073000, -0.227029
2.073000, -0.220893
2.070000, -0.214757
2.069000, -0.208621
2.070000, -0.202485
2.070000, -0.196350
2.071000, -0.190214
2.088000, -0.184078
2.091000, -0.177942
2.099000, -0.171806
2.101000, -0.165670
2.105000, -0.159534
2.105000, -0.153398
2.108000, -0.147262
2.108000, -0.141126
2.125000, -0.134990
2.134000, -0.128854
2.134000, -0.122718
2.141000, -0.116583
2.134000, -0.110447
2.134000, -0.104311
2.146000, -0.098175
2.161000, -0.092039
2.162000, -0.085903
2.162000, -0.079767
2.162000, -0.073631
2.165000, -0.067495
2.175000, -0.061359
2.180000, -0.055223
2.191000, -0.049087
2.192000, -0.042951
2.206000, -0.036816
2.206000, -0.030680
2.210000, -0.024544
2.210000, -0.018408
2.217000, -0.012272
2.223000, -0.006136
2.289000, 0.036816
2.286000, 0.042951
2.286000, 0.049087
2.289000, 0.055223
2.289000, 0.061359
2.295000, 0.067495
2.317000, 0.073631
2.350000, 0.079767
2.354000, 0.085903
2.361000, 0.092039
2.366000, 0.098175
2.371000, 0.104311
2.391000, 0.110447
2.404000, 0.116583
2.410000, 0.122718
2.422000, 0.128854
2.424000, 0.134990
2.426000, 0.141126
2.426000, 0.147262
2.426000, 0.153398
2.376000, 0.159534
2.376000, 0.165670
2.345000, 0.171806
2.330000, 0.177942
2.322000, 0.184078
2.306000, 0.190214
2.306000, 0.196350
2.322000, 0.202485
1.861000, 0.411107
1.861000, 0.417243
1.861000, 0.423379
1.739000, 0.466330
1.722000, 0.472466
1.719000, 0.478602
1.706000, 0.484738
1.703000, 0.490874
1.701000, 0.497010
1.695000, 0.503146
1.686000, 0.509282
1.684000, 0.515418
1.682000, 0.521553
1.675000, 0.527689
1.670000, 0.533825
1.662000, 0.539961
1.662000, 0.546097
1.642000, 0.552233
1.629000, 0.558369
1.618000, 0.564505
1.618000, 0.570641
1.617000, 0.576777
1.617000, 0.582913
1.617000, 0.589049
1.605000, 0.595185
1.596000, 0.601320
1.593000, 0.607456
1.578000, 0.613592
1.572000, 0.619728
1.561000, 0.625864
1.559000, 0.632000
1.559000, 0.638136
1.558000, 0.644272
1.558000, 0.650408
1.545000, 0.656544
1.544000, 0.662680
1.538000, 0.668816
1.538000, 0.674952
1.538000, 0.681087
1.518000, 0.687223
1.517000, 0.693359
1.514000, 0.699495
1.506000, 0.705631
1.506000, 0.711767
1.498000, 0.717903
1.495000, 0.724039
1.493000, 0.730175
1.477000, 0.736311
1.477000, 0.742447
1.477000, 0.748583
1.479000, 0.754719
1.479000, 0.760854
1.479000, 0.766990
1.464000, 0.773126
1.464000, 0.779262
1.464000, 0.785398
1.465000, 0.791534
1.467000, 0.797670
1.467000, 0.803806
1.465000, 0.809942
1.458000, 0.816078
1.454000, 0.822214
1.453000, 0.828350
1.447000, 0.834486
1.441000, 0.840621
1.439000, 0.846757
1.438000, 0.852893
1.432000, 0.859029
1.432000, 0.865165
1.432000, 0.871301
1.433000, 0.877437
1.433000, 0.883573
1.433000, 0.889709
1.422000, 0.895845
1.422000, 0.901981
1.416000, 0.908117
1.418000, 0.914253
1.418000, 0.920388
1.415000, 0.926524
1.415000, 0.932660
1.418000, 0.938796
1.422000, 0.944932
1.427000, 0.951068
1.464000, 0.957204
nan, 0.963340
1.597000, 0.969476
1.464000, 0.975612
1.438000, 0.981748
1.438000, 0.987884
1.438000, 0.994020
1.438000, 1.000156
1.438000, 1.006291
1.432000, 1.012427
1.420000, 1.018563
1.420000, 1.024699
1.417000, 1.030835
1.413000, 1.036971
1.411000, 1.043107
1.411000, 1.049243
1.411000, 1.055379
1.411000, 1.061515
1.416000, 1.067651
1.416000, 1.073787
1.427000, 1.079923
1.427000, 1.086058
1.430000, 1.092194
1.428000, 1.098330
1.428000, 1.104466
1.430000, 1.110602
1.428000, 1.116738
1.423000, 1.122874
1.423000, 1.129010
1.424000, 1.135146
1.424000, 1.141282
1.424000, 1.147418
1.425000, 1.153554
1.425000, 1.159690
1.414000, 1.165825
1.414000, 1.171961
1.419000, 1.178097
1.419000, 1.184233
1.421000, 1.190369
1.434000, 1.196505
1.434000, 1.202641
1.431000, 1.208777
1.433000, 1.214913
1.431000, 1.221049
1.431000, 1.227185
1.432000, 1.233321
1.433000, 1.239457
1.436000, 1.245592
1.436000, 1.251728
1.436000, 1.257864
1.436000, 1.264000
1.426000, 1.270136
1.425000, 1.276272
1.425000, 1.282408
1.425000, 1.288544
1.424000, 1.294680
1.424000, 1.300816
1.422000, 1.306952
1.416000, 1.313088
1.416000, 1.319224
1.416000, 1.325359
1.424000, 1.331495
1.424000, 1.337631
1.428000, 1.343767
1.437000, 1.349903
1.508000, 1.398991
1.508000, 1.405126
1.508000, 1.411262
1.597000, 1.417398
1.600000, 1.423534
1.602000, 1.429670
1.604000, 1.435806
1.618000, 1.441942
1.619000, 1.448078
1.619000, 1.454214
1.619000, 1.460350
1.625000, 1.466486
1.625000, 1.472622
1.621000, 1.478758
1.625000, 1.484893
1.628000, 1.491029
1.630000, 1.497165
1.631000, 1.503301
1.633000, 1.509437
1.652000, 1.515573
1.653000, 1.521709
1.653000, 1.527845
1.658000, 1.533981
1.659000, 1.540117
1.667000, 1.546253
1.669000, 1.552389
1.673000, 1.558525
1.677000, 1.564660
