0.945000, -1.570796
0.945000, -1.564660
0.951000, -1.558525
0.959000, -1.552389
0.959000, -1.546253
0.959000, -1.540117
0.949000, -1.533981
0.949000, -1.527845
0.948000, -1.521709
0.948000, -1.515573
0.948000, -1.509437
0.942000, -1.503301
0.942000, -1.497165
0.940000, -1.491029
0.940000, -1.484893
0.940000, -1.478758
0.941000, -1.472622
0.941000, -1.466486
0.943000, -1.460350
0.951000, -1.454214
0.951000, -1.448078
0.951000, -1.441942
0.951000, -1.435806
0.948000, -1.429670
0.945000, -1.423534
0.945000, -1.417398
0.945000, -1.411262
0.948000, -1.405126
0.956000, -1.398991
0.956000, -1.392855
0.956000, -1.386719
0.946000, -1.380583
0.946000, -1.374447
0.946000, -1.368311
0.952000, -1.362175
0.952000, -1.356039
0.952000, -1.349903
0.952000, -1.343767
0.951000, -1.337631
0.951000, -1.331495
0.952000, -1.325359
0.957000, -1.319224
0.957000, -1.313088
0.957000, -1.306952
0.954000, -1.300816
0.954000, -1.294680
0.954000, -1.288544
0.953000, -1.282408
0.961000, -1.276272
0.961000, -1.270136
0.961000, -1.264000
0.961000, -1.257864
0.969000, -1.251728
0.969000, -1.245592
0.969000, -1.239457
0.985000, -1.233321
0.966000, -1.227185
0.966000, -1.221049
0.985000, -1.214913
0.987000, -1.208777
0.985000, -1.202641
0.985000, -1.196505
0.986000, -1.190369
0.984000, -1.184233
0.982000, -1.178097
0.984000, -1.171961
0.986000, -1.165825
0.982000, -1.159690
0.995000, -1.153554
0.999000, -1.147418
0.995000, -1.141282
0.995000, -1.135146
0.999000, -1.129010
1.006000, -1.122874
1.010000, -1.116738
1.010000, -1.110602
1.014000, -1.104466
1.014000, -1.098330
1.026000, -1.092194
0.913000, -0.963340
0.904000, -0.957204
0.904000, -0.951068
0.904000, -0.944932
0.906000, -0.938796
0.906000, -0.932660
0.906000, -0.926524
0.882000, -0.920388
0.882000, -0.914253
0.882000, -0.908117
0.897000, -0.901981
0.919000, -0.895845
0.931000, -0.846757
0.833000, -0.840621
0.807000, -0.834486
0.800000, -0.828350
0.794000, -0.822214
0.783000, -0.816078
0.782000, -0.809942
0.770000, -0.803806
0.770000, -0.797670
0.767000, -0.791534
0.767000, -0.785398
0.760000, -0.779262
0.748000, -0.773126
0.746000, -0.766990
0.732000, -0.760854
0.732000, -0.754719
0.728000, -0.748583
0.728000, -0.742447
0.714000, -0.736311
0.709000, -0.730175
0.707000, -0.724039
0.707000, -0.717903
0.707000, -0.711767
0.703000, -0.705631
0.707000, -0.699495
0.697000, -0.693359
0.696000, -0.687223
0.696000, -0.681087
0.695000, -0.674952
0.675000, -0.668816
0.675000, -0.662680
0.672000, -0.656544
0.675000, -0.650408
0.677000, -0.644272
0.677000, -0.638136
0.672000, -0.632000
0.653000, -0.625864
0.653000, -0.619728
0.653000, -0.613592
0.656000, -0.607456
0.656000, -0.601320
0.656000, -0.595185
0.645000, -0.589049
0.641000, -0.582913
0.632000, -0.576777
0.628000, -0.570641
0.625000, -0.564505
0.617000, -0.558369
0.617000, -0.552233
0.617000, -0.546097
0.617000, -0.539961
0.617000, -0.533825
0.616000, -0.527689
0.608000, -0.521553
0.608000, -0.515418
0.605000, -0.509282
0.597000, -0.503146
0.597000, -0.497010
0.596000, -0.490874
0.596000, -0.484738
0.596000, -0.478602
0.603000, -0.472466
0.603000, -0.466330
0.603000, -0.460194
0.603000, -0.454058
0.592000, -0.447922
0.590000, -0.441786
0.587000, -0.435651
0.587000, -0.429515
0.590000, -0.423379
0.590000, -0.417243
0.587000, -0.411107
0.579000, -0.404971
0.574000, -0.398835
0.574000, -0.392699
0.574000, -0.386563
0.574000, -0.380427
0.574000, -0.374291
0.578000, -0.368155
0.573000, -0.362019
0.567000, -0.355884
0.567000, -0.349748
0.563000, -0.343612
0.563000, -0.337476
0.566000, -0.331340
0.564000, -0.325204
0.564000, -0.319068
0.564000, -0.312932
0.562000, -0.306796
0.551000, -0.300660
0.551000, -0.294524
0.551000, -0.288388
0.551000, -0.282252
0.551000, -0.276117
0.550000, -0.269981
0.547000, -0.263845
0.546000, -0.257709
0.547000, -0.251573
0.544000, -0.245437
0.540000, -0.239301
0.544000, -0.233165
0.542000, -0.227029
0.538000, -0.220893
0.536000, -0.214757
0.534000, -0.208621
0.534000, -0.202485
0.529000, -0.196350
0.529000, -0.190214
0.534000, -0.184078
0.536000, -0.177942
0.529000, -0.171806
0.529000, -0.165670
0.529000, -0.159534
0.529000, -0.153398
0.529000, -0.147262
0.531000, -0.141126
0.535000, -0.134990
0.535000, -0.128854
0.535000, -0.122718
0.533000, -0.116583
0.533000, -0.110447
0.532000, -0.104311
0.532000, -0.098175
0.529000, -0.092039
0.525000, -0.085903
0.523000, -0.079767
0.525000, -0.073631
0.525000, -0.067495
0.529000, -0.061359
0.534000, -0.055223
0.534000, -0.049087
0.530000, -0.042951
0.529000, -0.036816
0.524000, -0.030680
0.524000, -0.024544
0.524000, -0.018408
0.528000, -0.012272
0.528000, -0.006136
0.528000, 0.000000
0.524000, 0.006136
0.524000, 0.012272
0.524000, 0.018408
0.524000, 0.024544
0.522000, 0.030680
0.523000, 0.036816
0.522000, 0.042951
0.520000, 0.049087
0.520000, 0.055223
0.520000, 0.061359
0.520000, 0.067495
0.520000, 0.073631
0.526000, 0.079767
0.526000, 0.085903
0.526000, 0.092039
0.513000, 0.098175
0.513000, 0.104311
0.513000, 0.110447
0.526000, 0.116583
0.526000, 0.122718
0.526000, 0.128854
0.524000, 0.134990
0.524000, 0.141126
0.524000, 0.147262
0.526000, 0.153398
0.526000, 0.159534
0.526000, 0.165670
0.528000, 0.171806
0.527000, 0.177942
0.517000, 0.184078
0.527000, 0.190214
0.529000, 0.196350
0.529000, 0.202485
0.529000, 0.208621
0.529000, 0.214757
0.529000, 0.220893
0.529000, 0.227029
0.526000, 0.233165
0.517000, 0.239301
0.517000, 0.245437
0.517000, 0.251573
0.523000, 0.257709
0.538000, 0.263845
0.541000, 0.269981
0.542000, 0.276117
0.542000, 0.282252
0.542000, 0.288388
0.542000, 0.294524
0.542000, 0.300660
0.539000, 0.306796
0.539000, 0.312932
0.536000, 0.319068
0.539000, 0.325204
0.540000, 0.331340
0.540000, 0.337476
0.539000, 0.343612
0.540000, 0.349748
0.552000, 0.355884
0.554000, 0.362019
0.554000, 0.368155
0.554000, 0.374291
0.550000, 0.380427
0.550000, 0.386563
0.550000, 0.392699
0.567000, 0.398835
0.599000, 0.404971
0.622000, 0.411107
0.622000, 0.417243
0.623000, 0.423379
0.622000, 0.429515
0.623000, 0.435651
0.623000, 0.441786
0.625000, 0.447922
0.625000, 0.454058
0.625000, 0.460194
0.605000, 0.466330
0.593000, 0.472466
0.593000, 0.478602
0.599000, 0.484738
0.599000, 0.490874
0.599000, 0.497010
0.599000, 0.503146
0.617000, 0.509282
0.613000, 0.515418
0.617000, 0.521553
0.627000, 0.527689
0.627000, 0.533825
0.613000, 0.539961
0.609000, 0.546097
0.609000, 0.552233
0.609000, 0.558369
0.616000, 0.564505
0.617000, 0.570641
0.630000, 0.576777
0.643000, 0.582913
0.643000, 0.589049
0.650000, 0.595185
0.660000, 0.601320
0.660000, 0.607456
0.663000, 0.613592
0.663000, 0.619728
0.664000, 0.625864
0.664000, 0.632000
0.667000, 0.638136
0.667000, 0.644272
0.667000, 0.650408
0.656000, 0.656544
0.672000, 0.662680
0.672000, 0.668816
0.686000, 0.674952
0.709000, 0.681087
0.714000, 0.687223
0.714000, 0.699495
0.709000, 0.705631
0.707000, 0.711767
0.707000, 0.717903
0.707000, 0.724039
0.786000, 0.797670
0.779000, 0.803806
0.779000, 0.809942
0.786000, 0.816078
0.790000, 0.822214
0.791000, 0.828350
0.793000, 0.834486
0.805000, 0.840621
0.826000, 0.846757
0.867000, 0.852893
0.867000, 0.859029
0.831000, 0.865165
0.847000, 0.871301
0.847000, 0.877437
0.847000, 0.883573
nan, 0.920388
nan, 1.055379
nan, 1.073787
2.572000, 1.313088
2.572000, 1.319224
2.572000, 1.325359
2.584000, 1.331495
nan, 1.337631
nan, 1.349903
nan, 1.362175
nan, 1.374447
0.947000, 1.429670
0.947000, 1.435806
0.946000, 1.441942
0.937000, 1.448078
0.936000, 1.454214
0.937000, 1.460350
0.936000, 1.466486
0.936000, 1.472622
0.933000, 1.478758
0.931000, 1.484893
0.931000, 1.491029
0.931000, 1.497165
0.931000, 1.503301
0.930000, 1.509437
0.937000, 1.515573
0.937000, 1.521709
0.927000, 1.527845
0.934000, 1.533981
0.934000, 1.540117
0.927000, 1.546253
0.923000, 1.552389
0.927000, 1.558525
0.927000, 1.564660
