0.877000, -1.570796
0.870000, -1.564660
0.868000, -1.558525
0.862000, -1.552389
0.862000, -1.546253
0.862000, -1.540117
0.868000, -1.533981
0.868000, -1.527845
0.868000, -1.521709
0.851000, -1.515573
0.851000, -1.509437
0.847000, -1.503301
0.847000, -1.497165
0.851000, -1.491029
0.853000, -1.484893
0.853000, -1.478758
0.853000, -1.472622
0.853000, -1.466486
0.849000, -1.460350
0.849000, -1.454214
0.849000, -1.448078
0.849000, -1.441942
0.843000, -1.435806
0.850000, -1.429670
0.842000, -1.423534
0.836000, -1.417398
0.833000, -1.411262
0.833000, -1.405126
0.833000, -1.398991
0.831000, -1.392855
0.831000, -1.386719
0.836000, -1.380583
0.836000, -1.374447
0.834000, -1.368311
0.834000, -1.362175
0.834000, -1.356039
0.834000, -1.349903
0.828000, -1.343767
0.828000, -1.337631
0.828000, -1.331495
0.826000, -1.325359
0.815000, -1.319224
0.815000, -1.313088
0.815000, -1.306952
0.816000, -1.300816
0.822000, -1.294680
0.826000, -1.288544
0.826000, -1.282408
0.826000, -1.276272
0.826000, -1.270136
0.818000, -1.264000
0.813000, -1.257864
0.817000, -1.251728
0.818000, -1.245592
0.818000, -1.239457
0.823000, -1.233321
0.823000, -1.227185
0.823000, -1.221049
0.822000, -1.214913
0.815000, -1.208777
0.810000, -1.202641
0.810000, -1.196505
0.813000, -1.190369
0.815000, -1.184233
0.813000, -1.178097
0.816000, -1.171961
0.816000, -1.165825
0.811000, -1.159690
0.808000, -1.153554
0.811000, -1.147418
0.808000, -1.141282
0.808000, -1.135146
0.815000, -1.129010
0.817000, -1.122874
0.815000, -1.116738
0.817000, -1.110602
0.823000, -1.104466
0.823000, -1.098330
0.810000, -1.092194
0.810000, -1.086058
0.804000, -1.079923
0.804000, -1.073787
0.810000, -1.067651
0.816000, -1.061515
0.816000, -1.055379
0.817000, -1.049243
0.817000, -1.043107
0.817000, -1.036971
0.817000, -1.030835
0.817000, -1.024699
0.816000, -1.018563
0.816000, -1.012427
0.816000, -1.006291
0.816000, -1.000156
0.822000, -0.994020
0.825000, -0.987884
0.825000, -0.981748
0.825000, -0.975612
0.828000, -0.969476
0.828000, -0.963340
0.828000, -0.957204
0.831000, -0.951068
0.830000, -0.944932
0.830000, -0.938796
0.830000, -0.932660
0.830000, -0.926524
0.829000, -0.920388
0.829000, -0.914253
0.829000, -0.908117
0.840000, -0.901981
0.841000, -0.895845
0.841000, -0.889709
0.841000, -0.883573
0.843000, -0.877437
0.843000, -0.871301
0.843000, -0.865165
0.843000, -0.859029
0.843000, -0.852893
0.847000, -0.846757
0.847000, -0.840621
0.854000, -0.834486
0.854000, -0.828350
0.858000, -0.822214
0.858000, -0.816078
0.859000, -0.809942
0.859000, -0.803806
0.861000, -0.797670
0.861000, -0.791534
0.861000, -0.785398
0.861000, -0.779262
0.861000, -0.773126
0.862000, -0.766990
0.862000, -0.760854
0.862000, -0.754719
0.864000, -0.748583
0.877000, -0.742447
0.879000, -0.736311
0.879000, -0.730175
0.880000, -0.724039
0.885000, -0.717903
0.899000, -0.711767
0.899000, -0.705631
0.899000, -0.699495
0.898000, -0.693359
0.898000, -0.687223
0.898000, -0.681087
0.898000, -0.674952
0.908000, -0.668816
0.911000, -0.662680
0.911000, -0.656544
0.911000, -0.650408
0.911000, -0.644272
0.915000, -0.638136
0.915000, -0.632000
0.925000, -0.625864
0.930000, -0.619728
0.937000, -0.613592
0.949000, -0.607456
0.949000, -0.601320
0.946000, -0.595185
0.949000, -0.589049
0.949000, -0.582913
0.956000, -0.576777
0.956000, -0.570641
0.964000, -0.564505
0.966000, -0.558369
0.969000, -0.552233
0.975000, -0.546097
0.975000, -0.539961
0.981000, -0.533825
0.985000, -0.527689
0.990000, -0.521553
1.001000, -0.515418
1.003000, -0.509282
1.004000, -0.503146
1.008000, -0.497010
1.014000, -0.490874
1.014000, -0.484738
1.022000, -0.478602
1.023000, -0.472466
1.026000, -0.466330
1.032000, -0.460194
1.047000, -0.454058
1.054000, -0.447922
1.057000, -0.441786
1.068000, -0.435651
1.069000, -0.429515
1.072000, -0.423379
1.076000, -0.417243
1.088000, -0.411107
1.091000, -0.404971
1.103000, -0.398835
1.103000, -0.392699
1.103000, -0.386563
1.108000, -0.380427
1.120000, -0.374291
1.125000, -0.368155
1.130000, -0.362019
1.137000, -0.355884
1.139000, -0.349748
1.149000, -0.343612
1.157000, -0.337476
1.160000, -0.331340
1.181000, -0.325204
1.182000, -0.319068
1.205000, -0.312932
1.205000, -0.306796
1.217000, -0.300660
1.218000, -0.294524
1.221000, -0.288388
1.225000, -0.282252
1.252000, -0.276117
1.267000, -0.269981
1.269000, -0.263845
1.281000, -0.257709
1.286000, -0.251573
1.287000, -0.245437
1.303000, -0.239301
1.324000, -0.233165
1.327000, -0.227029
1.334000, -0.220893
1.342000, -0.214757
1.345000, -0.208621
1.354000, -0.202485
1.361000, -0.196350
1.376000, -0.190214
1.382000, -0.184078
1.388000, -0.177942
1.390000, -0.171806
1.420000, -0.165670
1.452000, -0.159534
1.464000, -0.153398
1.474000, -0.147262
1.492000, -0.141126
1.495000, -0.134990
1.507000, -0.128854
1.525000, -0.122718
1.546000, -0.116583
1.568000, -0.110447
1.591000, -0.104311
1.593000, -0.098175
1.599000, -0.092039
1.617000, -0.085903
1.629000, -0.079767
1.681000, -0.073631
1.707000, -0.067495
1.724000, -0.061359
1.736000, -0.055223
1.747000, -0.049087
1.773000, -0.042951
1.797000, -0.036816
1.820000, -0.030680
1.827000, -0.024544
1.879000, -0.018408
1.905000, -0.012272
1.916000, -0.006136
1.954000, 0.000000
1.994000, 0.006136
2.013000, 0.012272
2.039000, 0.018408
2.064000, 0.024544
2.100000, 0.030680
2.144000, 0.036816
2.182000, 0.042951
2.207000, 0.049087
2.230000, 0.055223
2.266000, 0.061359
2.291000, 0.067495
2.323000, 0.073631
2.358000, 0.079767
2.396000, 0.085903
2.457000, 0.092039
2.503000, 0.098175
2.544000, 0.104311
2.591000, 0.110447
2.640000, 0.116583
2.683000, 0.122718
2.723000, 0.128854
2.790000, 0.134990
2.826000, 0.141126
2.873000, 0.147262
2.938000, 0.153398
2.995000, 0.159534
3.085000, 0.165670
3.085000, 0.171806
3.085000, 0.177942
3.037000, 0.184078
2.115000, 0.190214
2.111000, 0.196350
2.111000, 0.202485
2.110000, 0.208621
2.110000, 0.214757
2.105000, 0.220893
2.105000, 0.227029
2.105000, 0.233165
2.105000, 0.239301
2.105000, 0.245437
2.103000, 0.251573
2.089000, 0.257709
2.089000, 0.263845
2.089000, 0.269981
2.101000, 0.276117
2.108000, 0.282252
2.128000, 0.288388
2.128000, 0.294524
2.128000, 0.300660
2.126000, 0.306796
2.103000, 0.312932
2.101000, 0.319068
2.101000, 0.325204
2.101000, 0.331340
2.101000, 0.337476
2.101000, 0.343612
2.089000, 0.349748
2.082000, 0.355884
2.082000, 0.362019
2.089000, 0.368155
2.090000, 0.374291
2.090000, 0.380427
2.090000, 0.386563
2.088000, 0.392699
2.087000, 0.398835
2.084000, 0.404971
2.078000, 0.411107
2.078000, 0.417243
2.078000, 0.423379
2.078000, 0.429515
2.078000, 0.435651
2.077000, 0.441786
2.077000, 0.447922
2.075000, 0.454058
2.077000, 0.460194
2.079000, 0.466330
2.086000, 0.472466
2.079000, 0.478602
2.079000, 0.484738
1.326000, 0.490874
1.314000, 0.497010
1.314000, 0.503146
1.314000, 0.509282
1.316000, 0.515418
1.316000, 0.521553
1.316000, 0.527689
1.309000, 0.533825
1.309000, 0.539961
1.309000, 0.546097
1.318000, 0.552233
1.319000, 0.558369
1.323000, 0.564505
1.323000, 0.570641
1.319000, 0.576777
1.319000, 0.582913
1.323000, 0.589049
1.324000, 0.595185
1.324000, 0.601320
1.327000, 0.607456
1.331000, 0.613592
1.331000, 0.619728
1.331000, 0.625864
1.334000, 0.632000
1.334000, 0.638136
1.334000, 0.644272
1.339000, 0.650408
1.339000, 0.656544
1.343000, 0.662680
1.346000, 0.668816
1.346000, 0.674952
1.349000, 0.681087
1.355000, 0.687223
1.358000, 0.693359
1.365000, 0.699495
1.365000, 0.705631
1.363000, 0.711767
1.363000, 0.717903
1.363000, 0.724039
1.358000, 0.730175
1.363000, 0.736311
1.368000, 0.742447
1.368000, 0.748583
1.374000, 0.754719
1.374000, 0.760854
1.378000, 0.766990
1.387000, 0.773126
1.392000, 0.779262
1.394000, 0.785398
1.394000, 0.791534
1.394000, 0.797670
1.398000, 0.803806
1.406000, 0.809942
1.407000, 0.816078
1.417000, 0.822214
1.419000, 0.828350
1.430000, 0.834486
1.430000, 0.840621
1.430000, 0.846757
1.430000, 0.852893
1.430000, 0.859029
1.441000, 0.865165
1.447000, 0.871301
1.449000, 0.877437
1.449000, 0.883573
1.471000, 0.889709
1.471000, 0.895845
1.470000, 0.901981
1.470000, 0.908117
1.478000, 0.914253
1.492000, 0.920388
1.492000, 0.926524
1.492000, 0.932660
1.487000, 0.938796
1.487000, 0.944932
1.487000, 0.951068
1.489000, 0.957204
1.491000, 0.963340
1.501000, 0.969476
1.501000, 0.975612
1.504000, 0.981748
1.523000, 0.987884
1.523000, 0.994020
1.526000, 1.000156
1.532000, 1.006291
1.535000, 1.012427
1.545000, 1.018563
1.562000, 1.024699
1.565000, 1.030835
1.565000, 1.036971
1.583000, 1.043107
1.584000, 1.049243
1.587000, 1.055379
1.590000, 1.061515
1.590000, 1.067651
1.628000, 1.073787
1.632000, 1.079923
1.640000, 1.086058
1.649000, 1.092194
1.649000, 1.098330
1.658000, 1.104466
1.665000, 1.110602
5.160000, 1.196505
5.047000, 1.202641
2.910000, 1.208777
2.903000, 1.214913
2.903000, 1.221049
2.887000, 1.227185
2.851000, 1.233321
2.851000, 1.239457
2.851000, 1.245592
2.867000, 1.251728
2.883000, 1.257864
2.898000, 1.264000
2.927000, 1.270136
2.967000, 1.276272
2.979000, 1.282408
2.979000, 1.288544
2.999000, 1.294680
nan, 1.300816
nan, 1.349903
