2.750000, -1.435806
2.730000, -1.429670
2.712000, -1.423534
2.707000, -1.417398
2.712000, -1.411262
2.712000, -1.405126
2.713000, -1.398991
2.713000, -1.392855
2.713000, -1.386719
2.685000, -1.380583
2.685000, -1.374447
2.685000, -1.368311
2.689000, -1.362175
2.689000, -1.356039
2.689000, -1.349903
2.651000, -1.343767
2.640000, -1.337631
2.634000, -1.331495
2.622000, -1.325359
2.622000, -1.319224
2.622000, -1.313088
2.620000, -1.306952
2.620000, -1.300816
2.598000, -1.294680
2.584000, -1.288544
2.584000, -1.282408
2.584000, -1.276272
2.598000, -1.270136
2.573000, -1.264000
2.561000, -1.257864
2.510000, -1.251728
2.510000, -1.245592
2.510000, -1.239457
2.530000, -1.178097
2.530000, -1.171961
2.530000, -1.165825
2.530000, -1.159690
2.518000, -1.153554
2.525000, -1.147418
2.525000, -1.141282
2.525000, -1.135146
2.525000, -1.129010
2.525000, -1.122874
2.528000, -1.116738
2.521000, -1.110602
2.513000, -1.104466
2.513000, -1.098330
2.513000, -1.092194
2.513000, -1.086058
2.513000, -1.079923
2.511000, -1.073787
2.511000, -1.067651
2.509000, -1.061515
2.507000, -1.055379
2.503000, -1.049243
2.507000, -1.043107
2.509000, -1.036971
2.496000, -1.030835
2.496000, -1.024699
2.511000, -1.018563
2.503000, -1.012427
2.499000, -1.006291
2.503000, -1.000156
2.503000, -0.994020
2.503000, -0.987884
2.503000, -0.981748
2.504000, -0.975612
2.506000, -0.969476
2.511000, -0.963340
2.511000, -0.957204
2.523000, -0.951068
2.526000, -0.944932
2.526000, -0.938796
2.507000, -0.932660
0.756000, -0.926524
0.749000, -0.920388
0.744000, -0.914253
0.744000, -0.908117
0.740000, -0.901981
0.738000, -0.895845
0.732000, -0.889709
0.731000, -0.883573
0.715000, -0.877437
0.711000, -0.871301
0.709000, -0.865165
0.709000, -0.859029
0.708000, -0.852893
0.705000, -0.846757
0.704000, -0.840621
0.704000, -0.834486
0.702000, -0.828350
0.686000, -0.822214
0.684000, -0.816078
0.684000, -0.809942
0.684000, -0.803806
0.683000, -0.797670
0.684000, -0.791534
0.684000, -0.785398
0.684000, -0.779262
0.681000, -0.773126
0.661000, -0.766990
0.660000, -0.760854
0.660000, -0.754719
0.660000, -0.748583
0.671000, -0.742447
0.676000, -0.736311
0.684000, -0.730175
0.685000, -0.724039
0.702000, -0.717903
0.703000, -0.711767
0.714000, -0.705631
0.724000, -0.699495
0.733000, -0.693359
0.735000, -0.687223
0.749000, -0.681087
0.772000, -0.674952
0.775000, -0.668816
0.781000, -0.662680
0.794000, -0.656544
0.795000, -0.650408
0.796000, -0.644272
0.810000, -0.638136
0.836000, -0.632000
0.854000, -0.625864
0.876000, -0.619728
0.898000, -0.613592
0.912000, -0.607456
0.912000, -0.601320
0.938000, -0.595185
0.961000, -0.589049
0.969000, -0.582913
nan, -0.552233
nan, -0.527689
1.186000, -0.521553
1.186000, -0.515418
1.186000, -0.509282
1.177000, -0.503146
1.177000, -0.497010
nan, -0.490874
1.201000, -0.484738
1.197000, -0.478602
1.201000, -0.472466
1.201000, -0.466330
1.201000, -0.460194
1.217000, -0.454058
1.227000, -0.447922
1.228000, -0.441786
1.228000, -0.435651
1.238000, -0.429515
1.247000, -0.423379
1.266000, -0.417243
1.269000, -0.411107
1.269000, -0.404971
1.274000, -0.398835
1.278000, -0.392699
1.283000, -0.386563
1.295000, -0.380427
1.306000, -0.374291
1.306000, -0.368155
1.306000, -0.362019
1.306000, -0.355884
1.302000, -0.349748
1.302000, -0.343612
1.311000, -0.337476
1.312000, -0.331340
1.315000, -0.325204
1.319000, -0.319068
1.324000, -0.312932
1.328000, -0.306796
1.328000, -0.300660
1.334000, -0.294524
1.334000, -0.288388
1.345000, -0.282252
1.347000, -0.276117
1.355000, -0.269981
1.355000, -0.263845
1.359000, -0.257709
1.361000, -0.251573
1.366000, -0.245437
1.393000, -0.239301
1.393000, -0.233165
1.393000, -0.227029
1.376000, -0.220893
1.372000, -0.214757
1.365000, -0.208621
1.365000, -0.202485
1.365000, -0.196350
1.361000, -0.190214
1.362000, -0.184078
1.362000, -0.177942
1.362000, -0.171806
1.372000, -0.165670
1.372000, -0.159534
1.372000, -0.153398
1.370000, -0.147262
1.370000, -0.141126
1.365000, -0.134990
1.370000, -0.128854
1.376000, -0.122718
1.380000, -0.116583
1.380000, -0.110447
1.385000, -0.104311
1.380000, -0.098175
1.380000, -0.092039
1.379000, -0.085903
1.376000, -0.079767
1.376000, -0.073631
1.379000, -0.067495
1.375000, -0.061359
1.375000, -0.055223
1.381000, -0.049087
1.381000, -0.042951
1.375000, -0.036816
1.375000, -0.030680
1.374000, -0.024544
1.374000, -0.018408
1.374000, -0.012272
1.379000, -0.006136
1.379000, 0.000000
1.380000, 0.006136
1.379000, 0.012272
1.376000, 0.018408
1.376000, 0.024544
1.376000, 0.030680
1.376000, 0.036816
1.379000, 0.042951
1.448000, 0.049087
1.450000, 0.055223
1.450000, 0.061359
1.448000, 0.067495
1.411000, 0.073631
1.404000, 0.079767
1.397000, 0.085903
1.395000, 0.092039
1.386000, 0.098175
1.386000, 0.104311
1.386000, 0.110447
1.386000, 0.116583
1.374000, 0.122718
1.374000, 0.128854
1.379000, 0.134990
1.371000, 0.141126
1.375000, 0.147262
1.375000, 0.153398
1.365000, 0.159534
1.365000, 0.165670
1.363000, 0.171806
1.363000, 0.177942
1.363000, 0.184078
1.363000, 0.190214
1.363000, 0.196350
1.361000, 0.202485
1.332000, 0.208621
1.315000, 0.214757
1.315000, 0.220893
1.331000, 0.227029
1.327000, 0.233165
1.327000, 0.239301
1.327000, 0.245437
1.317000, 0.251573
1.315000, 0.257709
1.310000, 0.263845
1.310000, 0.269981
1.311000, 0.276117
1.312000, 0.282252
1.311000, 0.288388
1.311000, 0.294524
1.310000, 0.300660
1.301000, 0.306796
1.301000, 0.312932
1.301000, 0.319068
1.296000, 0.325204
1.296000, 0.331340
1.296000, 0.337476
1.292000, 0.343612
1.287000, 0.349748
1.281000, 0.355884
1.287000, 0.362019
1.292000, 0.368155
1.295000, 0.374291
1.295000, 0.380427
1.295000, 0.386563
1.292000, 0.392699
1.287000, 0.398835
1.287000, 0.404971
1.287000, 0.411107
1.287000, 0.417243
1.284000, 0.423379
1.280000, 0.429515
1.276000, 0.435651
1.276000, 0.441786
1.282000, 0.447922
1.282000, 0.454058
1.282000, 0.460194
1.282000, 0.466330
1.282000, 0.472466
1.285000, 0.478602
1.282000, 0.484738
1.280000, 0.490874
1.278000, 0.497010
1.278000, 0.503146
1.278000, 0.509282
1.277000, 0.515418
1.278000, 0.521553
1.277000, 0.527689
1.278000, 0.533825
1.278000, 0.539961
1.282000, 0.546097
1.282000, 0.552233
1.282000, 0.558369
1.282000, 0.564505
1.282000, 0.570641
1.281000, 0.576777
1.281000, 0.582913
1.282000, 0.589049
1.287000, 0.595185
1.289000, 0.601320
1.298000, 0.607456
1.290000, 0.613592
1.290000, 0.619728
1.289000, 0.625864
1.290000, 0.632000
1.290000, 0.638136
1.293000, 0.644272
1.294000, 0.650408
1.298000, 0.656544
1.307000, 0.662680
1.307000, 0.668816
1.313000, 0.674952
1.313000, 0.681087
4.267000, 0.687223
4.277000, 0.693359
4.277000, 0.699495
4.270000, 0.705631
4.270000, 0.711767
4.270000, 0.717903
4.270000, 0.724039
4.273000, 0.730175
4.293000, 0.736311
4.299000, 0.742447
4.302000, 0.748583
4.302000, 0.754719
4.302000, 0.760854
4.311000, 0.766990
4.322000, 0.773126
4.346000, 0.779262
1.672000, 0.932660
1.629000, 0.938796
1.597000, 0.944932
1.556000, 0.951068
1.521000, 0.957204
1.520000, 0.963340
1.499000, 0.969476
1.499000, 0.975612
1.493000, 0.981748
1.448000, 0.987884
1.416000, 0.994020
1.399000, 1.000156
1.377000, 1.006291
1.371000, 1.012427
1.342000, 1.018563
1.327000, 1.024699
1.325000, 1.030835
1.292000, 1.036971
1.286000, 1.043107
1.266000, 1.049243
1.258000, 1.055379
1.246000, 1.061515
1.230000, 1.067651
1.230000, 1.073787
1.230000, 1.079923
1.206000, 1.086058
1.188000, 1.092194
1.163000, 1.098330
1.161000, 1.104466
1.130000, 1.110602
1.129000, 1.116738
1.115000, 1.122874
1.109000, 1.129010
1.104000, 1.135146
1.081000, 1.141282
1.062000, 1.147418
1.053000, 1.153554
1.049000, 1.159690
1.044000, 1.165825
1.033000, 1.171961
1.031000, 1.178097
1.028000, 1.184233
1.026000, 1.190369
1.009000, 1.196505
0.991000, 1.202641
0.974000, 1.208777
0.956000, 1.214913
0.956000, 1.221049
0.956000, 1.227185
0.956000, 1.233321
0.964000, 1.239457
0.975000, 1.245592
0.975000, 1.251728
0.974000, 1.257864
0.975000, 1.264000
0.974000, 1.270136
0.972000, 1.276272
0.974000, 1.282408
0.972000, 1.288544
0.972000, 1.294680
0.972000, 1.300816
0.979000, 1.306952
0.979000, 1.313088
nan, 1.349903
nan, 1.398991
nan, 1.441942
nan, 1.460350
0.793000, 1.491029
0.793000, 1.497165
0.781000, 1.503301
0.793000, 1.509437
nan, 1.515573
0.771000, 1.540117
0.747000, 1.546253
0.747000, 1.552389
0.747000, 1.558525
0.743000, 1.564660
