4.005000, -1.429670
4.005000, -1.423534
4.005000, -1.417398
nan, -1.349903
nan, -1.337631
nan, -0.938796
5.131000, -0.932660
5.131000, -0.926524
4.742000, -0.859029
4.723000, -0.852893
4.710000, -0.846757
4.665000, -0.840621
4.660000, -0.834486
4.642000, -0.828350
4.642000, -0.822214
4.596000, -0.816078
4.589000, -0.809942
4.571000, -0.803806
4.550000, -0.797670
4.504000, -0.791534
4.503000, -0.785398
4.495000, -0.779262
4.495000, -0.773126
4.495000, -0.766990
nan, -0.717903
4.269000, -0.711767
4.216000, -0.705631
4.206000, -0.699495
1.075000, -0.693359
1.072000, -0.687223
1.069000, -0.681087
1.062000, -0.674952
1.059000, -0.668816
1.059000, -0.662680
1.053000, -0.656544
1.048000, -0.650408
1.044000, -0.644272
1.044000, -0.638136
1.038000, -0.632000
1.034000, -0.625864
1.019000, -0.619728
1.007000, -0.613592
1.007000, -0.607456
1.007000, -0.601320
1.007000, -0.595185
1.015000, -0.589049
1.033000, -0.582913
1.042000, -0.576777
1.060000, -0.570641
1.062000, -0.564505
1.062000, -0.558369
1.097000, -0.552233
1.102000, -0.546097
1.120000, -0.539961
1.121000, -0.533825
1.149000, -0.527689
1.154000, -0.521553
1.164000, -0.515418
1.171000, -0.509282
1.171000, -0.503146
1.175000, -0.497010
1.171000, -0.490874
1.169000, -0.484738
1.140000, -0.478602
1.138000, -0.472466
1.136000, -0.466330
1.136000, -0.460194
1.138000, -0.454058
1.143000, -0.447922
1.153000, -0.441786
1.161000, -0.435651
1.166000, -0.429515
1.177000, -0.423379
1.185000, -0.417243
1.297000, -0.411107
nan, -0.165670
nan, -0.055223
nan, 0.024544
nan, 0.073631
nan, 0.147262
nan, 0.184078
2.661000, 0.269981
2.661000, 0.276117
2.661000, 0.282252
5.364000, 0.398835
5.364000, 0.404971
5.364000, 0.411107
nan, 0.435651
nan, 0.447922
1.857000, 0.509282
1.857000, 0.515418
1.857000, 0.521553
1.859000, 0.527689
4.561000, 0.533825
nan, 0.546097
nan, 0.619728
2.269000, 0.693359
2.269000, 0.699495
2.269000, 0.705631
3.918000, 0.711767
3.931000, 0.717903
nan, 0.791534
5.457000, 0.822214
5.428000, 0.828350
5.418000, 0.834486
5.408000, 0.840621
5.360000, 0.846757
5.344000, 0.852893
5.333000, 0.859029
5.333000, 0.865165
5.333000, 0.871301
5.206000, 0.895845
5.197000, 0.901981
5.193000, 0.908117
5.170000, 0.914253
5.170000, 0.920388
5.170000, 0.926524
nan, 0.951068
5.034000, 0.975612
5.034000, 0.981748
5.024000, 0.987884
5.024000, 0.994020
nan, 1.000156
4.963000, 1.006291
4.954000, 1.012427
4.954000, 1.018563
4.954000, 1.024699
4.932000, 1.030835
4.926000, 1.036971
4.916000, 1.043107
4.908000, 1.049243
4.905000, 1.055379
4.892000, 1.061515
4.885000, 1.067651
4.875000, 1.073787
4.862000, 1.079923
4.840000, 1.086058
4.840000, 1.092194
4.836000, 1.098330
4.836000, 1.104466
4.830000, 1.110602
4.825000, 1.116738
4.819000, 1.122874
4.819000, 1.129010
4.797000, 1.135146
4.790000, 1.141282
4.785000, 1.147418
4.778000, 1.153554
4.779000, 1.159690
4.779000, 1.165825
4.778000, 1.171961
4.764000, 1.178097
4.764000, 1.184233
4.758000, 1.190369
4.758000, 1.196505
4.755000, 1.202641
4.745000, 1.208777
4.160000, 1.214913
4.142000, 1.221049
4.142000, 1.227185
4.142000, 1.233321
4.142000, 1.239457
4.142000, 1.245592
4.141000, 1.251728
4.139000, 1.257864
4.125000, 1.264000
4.125000, 1.270136
4.124000, 1.276272
4.119000, 1.282408
4.118000, 1.288544
4.118000, 1.294680
4.115000, 1.300816
4.118000, 1.306952
4.116000, 1.313088
4.116000, 1.319224
4.125000, 1.325359
4.125000, 1.331495
4.125000, 1.337631
4.125000, 1.343767
4.129000, 1.349903
4.122000, 1.356039
4.122000, 1.362175
4.121000, 1.368311
4.121000, 1.374447
4.121000, 1.380583
4.108000, 1.386719
4.121000, 1.392855
4.124000, 1.398991
4.127000, 1.405126
4.134000, 1.411262
4.135000, 1.417398
4.135000, 1.423534
4.141000, 1.429670
4.151000, 1.435806
4.709000, 1.441942
