1.975000, -1.570796
1.978000, -1.564660
1.986000, -1.558525
1.990000, -1.552389
1.992000, -1.546253
1.995000, -1.540117
2.018000, -1.533981
2.020000, -1.527845
2.020000, -1.521709
2.018000, -1.515573
2.023000, -1.509437
2.025000, -1.503301
2.050000, -1.497165
2.050000, -1.491029
2.056000, -1.484893
2.064000, -1.478758
2.080000, -1.472622
2.082000, -1.466486
2.084000, -1.460350
2.086000, -1.454214
2.090000, -1.448078
2.098000, -1.441942
2.102000, -1.435806
2.112000, -1.429670
2.112000, -1.423534
2.135000, -1.417398
2.144000, -1.411262
2.147000, -1.405126
2.155000, -1.398991
2.164000, -1.392855
2.170000, -1.386719
2.194000, -1.380583
2.194000, -1.374447
2.197000, -1.368311
2.217000, -1.362175
2.228000, -1.356039
2.233000, -1.349903
2.234000, -1.343767
2.256000, -1.337631
2.256000, -1.331495
2.267000, -1.325359
2.286000, -1.319224
2.304000, -1.313088
2.317000, -1.306952
2.338000, -1.300816
2.347000, -1.294680
2.350000, -1.288544
2.352000, -1.282408
2.373000, -1.276272
2.374000, -1.270136
2.400000, -1.264000
2.418000, -1.257864
2.426000, -1.251728
2.426000, -1.245592
2.426000, -1.239457
1.299000, -1.233321
1.286000, -1.227185
1.286000, -1.221049
1.294000, -1.214913
1.286000, -1.208777
1.283000, -1.202641
1.283000, -1.196505
1.281000, -1.190369
1.277000, -1.184233
1.276000, -1.178097
1.273000, -1.171961
1.269000, -1.165825
1.269000, -1.159690
1.264000, -1.153554
1.264000, -1.147418
1.269000, -1.141282
1.264000, -1.135146
1.264000, -1.129010
1.264000, -1.122874
1.264000, -1.116738
1.253000, -1.110602
1.251000, -1.104466
1.250000, -1.098330
1.251000, -1.092194
1.250000, -1.086058
1.248000, -1.079923
1.248000, -1.073787
1.246000, -1.067651
1.246000, -1.061515
1.243000, -1.055379
1.243000, -1.049243
1.238000, -1.043107
1.238000, -1.036971
1.238000, -1.030835
1.243000, -1.024699
1.248000, -1.018563
1.248000, -1.012427
1.248000, -1.006291
1.229000, -1.000156
1.229000, -0.994020
1.229000, -0.987884
1.229000, -0.981748
1.229000, -0.975612
1.229000, -0.969476
1.229000, -0.963340
1.229000, -0.957204
1.230000, -0.951068
1.230000, -0.944932
1.230000, -0.938796
1.234000, -0.932660
1.234000, -0.926524
1.229000, -0.920388
1.221000, -0.914253
1.235000, -0.908117
1.235000, -0.901981
1.235000, -0.895845
1.235000, -0.889709
1.235000, -0.883573
1.239000, -0.877437
1.239000, -0.871301
1.235000, -0.865165
1.241000, -0.859029
1.241000, -0.852893
1.236000, -0.846757
1.236000, -0.840621
1.239000, -0.834486
1.239000, -0.828350
1.241000, -0.822214
1.241000, -0.816078
1.243000, -0.809942
1.241000, -0.803806
1.241000, -0.797670
1.243000, -0.791534
1.255000, -0.785398
1.255000, -0.779262
1.255000, -0.773126
1.248000, -0.766990
1.248000, -0.760854
1.248000, -0.754719
1.250000, -0.748583
2.176000, -0.742447
2.194000, -0.736311
2.194000, -0.730175
2.176000, -0.724039
2.172000, -0.717903
2.171000, -0.711767
2.171000, -0.705631
2.171000, -0.699495
2.168000, -0.693359
2.166000, -0.687223
2.163000, -0.681087
2.161000, -0.674952
2.159000, -0.668816
2.158000, -0.662680
2.153000, -0.656544
2.150000, -0.650408
2.149000, -0.644272
2.141000, -0.638136
2.135000, -0.632000
2.135000, -0.625864
2.116000, -0.619728
2.106000, -0.613592
1.395000, -0.607456
1.380000, -0.601320
1.380000, -0.595185
1.387000, -0.589049
1.387000, -0.582913
1.387000, -0.576777
1.387000, -0.570641
1.369000, -0.564505
1.369000, -0.558369
1.367000, -0.552233
1.366000, -0.546097
1.367000, -0.539961
1.371000, -0.533825
1.371000, -0.527689
1.371000, -0.521553
1.371000, -0.515418
1.369000, -0.509282
1.367000, -0.503146
1.364000, -0.497010
1.362000, -0.490874
1.364000, -0.484738
1.364000, -0.478602
1.366000, -0.472466
1.366000, -0.466330
1.366000, -0.460194
1.369000, -0.454058
1.367000, -0.447922
1.367000, -0.441786
1.367000, -0.435651
1.367000, -0.429515
1.360000, -0.423379
1.360000, -0.417243
1.363000, -0.411107
1.370000, -0.404971
1.370000, -0.398835
1.376000, -0.392699
1.380000, -0.386563
1.387000, -0.380427
1.387000, -0.374291
1.387000, -0.368155
1.375000, -0.362019
1.372000, -0.355884
1.369000, -0.349748
1.369000, -0.343612
1.372000, -0.337476
1.379000, -0.331340
1.382000, -0.325204
1.389000, -0.319068
1.389000, -0.312932
1.383000, -0.306796
1.383000, -0.300660
1.385000, -0.294524
1.385000, -0.288388
1.385000, -0.282252
1.385000, -0.276117
1.382000, -0.269981
1.382000, -0.263845
1.382000, -0.257709
1.394000, -0.251573
1.394000, -0.245437
1.397000, -0.239301
3.835000, -0.233165
3.835000, -0.227029
3.849000, -0.220893
3.849000, -0.214757
3.858000, -0.208621
3.861000, -0.202485
3.862000, -0.196350
3.871000, -0.190214
3.876000, -0.184078
3.876000, -0.177942
3.888000, -0.171806
3.888000, -0.165670
3.894000, -0.159534
3.894000, -0.153398
3.912000, -0.147262
3.915000, -0.141126
3.928000, -0.134990
3.943000, -0.128854
3.948000, -0.122718
3.951000, -0.116583
3.967000, -0.110447
3.967000, -0.104311
3.984000, -0.098175
3.984000, -0.092039
1.375000, -0.085903
1.304000, -0.079767
1.304000, -0.073631
1.304000, -0.067495
1.310000, -0.061359
1.310000, -0.055223
1.312000, -0.049087
1.312000, -0.042951
1.312000, -0.036816
1.312000, -0.030680
1.315000, -0.024544
1.312000, -0.018408
1.312000, -0.012272
1.329000, -0.006136
1.329000, 0.000000
1.314000, 0.006136
1.326000, 0.012272
1.325000, 0.018408
1.314000, 0.024544
1.325000, 0.030680
1.326000, 0.036816
1.326000, 0.042951
1.329000, 0.049087
1.355000, 0.055223
2.322000, 0.061359
2.341000, 0.067495
2.343000, 0.073631
2.343000, 0.079767
2.349000, 0.085903
2.354000, 0.092039
2.369000, 0.098175
2.370000, 0.104311
2.388000, 0.110447
2.391000, 0.116583
2.416000, 0.122718
2.430000, 0.128854
2.437000, 0.134990
2.430000, 0.141126
2.430000, 0.147262
2.425000, 0.153398
2.391000, 0.159534
2.345000, 0.165670
2.321000, 0.171806
2.307000, 0.177942
2.307000, 0.184078
2.302000, 0.190214
2.307000, 0.196350
2.311000, 0.202485
1.869000, 0.411107
1.869000, 0.417243
1.869000, 0.423379
1.747000, 0.466330
1.738000, 0.472466
1.716000, 0.478602
1.705000, 0.484738
1.701000, 0.490874
1.701000, 0.497010
1.701000, 0.503146
1.701000, 0.509282
1.680000, 0.515418
1.675000, 0.521553
1.669000, 0.527689
1.664000, 0.533825
1.662000, 0.539961
1.650000, 0.546097
1.632000, 0.552233
1.629000, 0.558369
1.628000, 0.564505
1.621000, 0.570641
1.615000, 0.576777
1.615000, 0.582913
1.607000, 0.589049
1.593000, 0.595185
1.593000, 0.601320
1.577000, 0.607456
1.577000, 0.613592
1.576000, 0.619728
1.574000, 0.625864
1.574000, 0.632000
1.566000, 0.638136
1.557000, 0.644272
1.544000, 0.650408
1.540000, 0.656544
1.536000, 0.662680
1.536000, 0.668816
1.534000, 0.674952
1.534000, 0.681087
1.524000, 0.687223
1.518000, 0.693359
1.509000, 0.699495
1.505000, 0.705631
1.493000, 0.711767
1.493000, 0.717903
1.492000, 0.724039
1.492000, 0.730175
1.492000, 0.736311
1.487000, 0.742447
1.482000, 0.748583
1.473000, 0.754719
1.473000, 0.760854
1.473000, 0.766990
1.470000, 0.773126
1.470000, 0.779262
1.463000, 0.785398
1.459000, 0.791534
1.455000, 0.797670
1.455000, 0.803806
1.454000, 0.809942
1.445000, 0.816078
1.444000, 0.822214
1.444000, 0.828350
1.443000, 0.834486
1.444000, 0.840621
1.444000, 0.846757
1.440000, 0.852893
1.440000, 0.859029
1.440000, 0.865165
1.422000, 0.871301
1.422000, 0.877437
1.422000, 0.883573
1.422000, 0.889709
1.423000, 0.895845
1.424000, 0.901981
1.424000, 0.908117
1.420000, 0.914253
1.420000, 0.920388
1.420000, 0.926524
1.420000, 0.932660
1.420000, 0.938796
1.422000, 0.944932
1.428000, 0.951068
1.450000, 0.957204
nan, 0.963340
1.581000, 0.969476
1.457000, 0.975612
1.457000, 0.981748
1.457000, 0.987884
1.447000, 0.994020
1.436000, 1.000156
1.133000, 1.006291
1.131000, 1.012427
1.125000, 1.018563
1.125000, 1.024699
1.125000, 1.030835
1.125000, 1.036971
1.125000, 1.043107
1.125000, 1.049243
1.120000, 1.055379
1.113000, 1.061515
1.112000, 1.067651
1.109000, 1.073787
1.112000, 1.079923
1.113000, 1.086058
1.117000, 1.092194
1.117000, 1.098330
1.117000, 1.104466
1.115000, 1.110602
1.109000, 1.116738
1.104000, 1.122874
1.104000, 1.129010
1.115000, 1.135146
1.123000, 1.141282
1.123000, 1.147418
1.123000, 1.153554
1.128000, 1.159690
1.128000, 1.165825
1.399000, 1.171961
1.414000, 1.178097
1.426000, 1.184233
1.428000, 1.190369
1.428000, 1.196505
1.426000, 1.202641
1.426000, 1.208777
1.422000, 1.214913
1.422000, 1.221049
1.424000, 1.227185
1.421000, 1.233321
1.424000, 1.239457
1.426000, 1.245592
1.437000, 1.251728
1.426000, 1.257864
1.426000, 1.264000
1.424000, 1.270136
1.422000, 1.276272
1.422000, 1.282408
1.422000, 1.288544
1.429000, 1.294680
1.429000, 1.300816
1.429000, 1.306952
1.416000, 1.313088
1.415000, 1.319224
1.415000, 1.325359
1.415000, 1.331495
1.450000, 1.337631
1.464000, 1.343767
nan, 1.349903
1.491000, 1.398991
1.491000, 1.405126
1.491000, 1.411262
