0.581000, -1.570796
0.586000, -1.564660
0.586000, -1.558525
0.586000, -1.552389
0.586000, -1.546253
0.582000, -1.540117
0.576000, -1.533981
0.576000, -1.527845
0.578000, -1.521709
0.576000, -1.515573
0.578000, -1.509437
0.590000, -1.503301
0.590000, -1.497165
0.589000, -1.491029
0.590000, -1.484893
0.590000, -1.478758
0.590000, -1.472622
0.596000, -1.466486
0.597000, -1.460350
0.603000, -1.454214
0.603000, -1.448078
0.603000, -1.441942
0.603000, -1.435806
0.571000, -1.429670
0.571000, -1.423534
0.571000, -1.417398
0.561000, -1.411262
0.560000, -1.405126
0.561000, -1.398991
0.565000, -1.392855
0.565000, -1.386719
0.565000, -1.380583
0.567000, -1.374447
0.572000, -1.368311
0.580000, -1.362175
0.583000, -1.356039
0.580000, -1.349903
0.588000, -1.343767
0.588000, -1.337631
0.597000, -1.331495
0.597000, -1.325359
0.600000, -1.319224
0.600000, -1.313088
0.606000, -1.306952
0.606000, -1.300816
0.606000, -1.294680
0.615000, -1.288544
0.616000, -1.282408
0.616000, -1.276272
0.616000, -1.270136
0.625000, -1.264000
0.625000, -1.257864
0.633000, -1.251728
0.637000, -1.245592
0.637000, -1.239457
0.638000, -1.233321
0.640000, -1.227185
0.645000, -1.221049
0.645000, -1.214913
0.654000, -1.208777
0.657000, -1.202641
0.659000, -1.196505
0.657000, -1.190369
0.657000, -1.184233
0.676000, -1.178097
0.676000, -1.171961
0.676000, -1.165825
0.676000, -1.159690
0.697000, -1.153554
0.704000, -1.147418
0.704000, -1.141282
0.704000, -1.135146
0.704000, -1.129010
0.704000, -1.122874
0.729000, -1.116738
0.729000, -1.110602
0.731000, -1.104466
0.733000, -1.098330
0.733000, -1.092194
0.744000, -1.086058
0.744000, -1.079923
0.746000, -1.073787
0.746000, -1.067651
0.755000, -1.061515
0.783000, -1.055379
0.783000, -1.049243
0.783000, -1.043107
0.781000, -1.036971
0.781000, -1.030835
0.781000, -1.024699
0.792000, -1.018563
0.807000, -1.012427
0.829000, -1.006291
0.831000, -1.000156
0.832000, -0.994020
0.840000, -0.987884
0.842000, -0.981748
0.863000, -0.975612
0.863000, -0.969476
0.868000, -0.963340
0.868000, -0.957204
0.874000, -0.951068
0.895000, -0.944932
0.900000, -0.938796
0.920000, -0.932660
0.922000, -0.926524
0.937000, -0.920388
0.945000, -0.914253
0.952000, -0.908117
0.968000, -0.901981
nan, -0.625864
nan, -0.601320
2.518000, -0.490874
2.510000, -0.484738
2.510000, -0.478602
2.510000, -0.472466
2.510000, -0.466330
2.510000, -0.460194
2.510000, -0.454058
2.515000, -0.447922
2.515000, -0.441786
2.515000, -0.435651
2.515000, -0.429515
2.512000, -0.423379
2.511000, -0.417243
2.511000, -0.411107
2.511000, -0.404971
2.511000, -0.398835
2.513000, -0.392699
2.513000, -0.386563
2.511000, -0.380427
2.511000, -0.374291
2.511000, -0.368155
2.502000, -0.362019
2.511000, -0.355884
2.515000, -0.349748
2.515000, -0.343612
2.515000, -0.337476
2.521000, -0.331340
2.523000, -0.325204
2.526000, -0.319068
nan, -0.294524
nan, -0.251573
2.630000, -0.202485
2.625000, -0.196350
2.625000, -0.190214
2.627000, -0.184078
2.625000, -0.177942
2.627000, -0.171806
2.634000, -0.165670
2.641000, -0.159534
2.645000, -0.153398
2.653000, -0.147262
2.650000, -0.141126
2.664000, -0.134990
2.667000, -0.128854
2.664000, -0.122718
2.664000, -0.116583
2.664000, -0.110447
2.657000, -0.104311
2.181000, -0.098175
2.134000, -0.092039
2.090000, -0.085903
2.089000, -0.079767
2.056000, -0.073631
2.027000, -0.067495
2.027000, -0.061359
2.027000, -0.055223
1.984000, -0.049087
1.952000, -0.042951
1.884000, -0.036816
1.880000, -0.030680
1.839000, -0.024544
1.836000, -0.018408
1.805000, -0.012272
1.772000, -0.006136
1.737000, 0.000000
1.726000, 0.006136
1.711000, 0.012272
1.694000, 0.018408
1.656000, 0.024544
1.648000, 0.030680
1.646000, 0.036816
1.646000, 0.042951
1.635000, 0.049087
1.635000, 0.055223
1.628000, 0.061359
1.605000, 0.067495
1.597000, 0.073631
1.589000, 0.079767
1.580000, 0.085903
1.546000, 0.092039
1.534000, 0.098175
1.525000, 0.104311
1.512000, 0.110447
1.500000, 0.116583
1.485000, 0.122718
1.478000, 0.128854
1.469000, 0.134990
1.469000, 0.141126
1.469000, 0.147262
1.462000, 0.153398
1.456000, 0.159534
1.448000, 0.165670
1.431000, 0.171806
1.400000, 0.177942
1.400000, 0.184078
1.400000, 0.190214
1.400000, 0.196350
1.400000, 0.202485
1.398000, 0.208621
1.390000, 0.214757
1.378000, 0.220893
1.366000, 0.227029
1.366000, 0.233165
1.366000, 0.239301
1.366000, 0.245437
1.366000, 0.251573
1.357000, 0.257709
1.357000, 0.263845
1.353000, 0.269981
1.352000, 0.276117
1.352000, 0.282252
1.352000, 0.288388
1.352000, 0.294524
1.357000, 0.300660
1.360000, 0.306796
1.362000, 0.312932
1.408000, 0.319068
1.408000, 0.325204
1.415000, 0.331340
1.415000, 0.337476
1.414000, 0.343612
1.404000, 0.349748
1.409000, 0.355884
1.409000, 0.362019
1.414000, 0.368155
1.419000, 0.374291
1.419000, 0.380427
1.419000, 0.386563
1.398000, 0.392699
1.398000, 0.398835
1.398000, 0.404971
1.399000, 0.411107
1.399000, 0.417243
1.399000, 0.423379
1.395000, 0.429515
1.392000, 0.435651
1.390000, 0.441786
1.392000, 0.447922
1.392000, 0.454058
1.398000, 0.460194
1.399000, 0.466330
1.401000, 0.472466
1.453000, 0.478602
1.453000, 0.484738
1.453000, 0.490874
1.417000, 0.497010
1.416000, 0.503146
1.399000, 0.509282
1.395000, 0.515418
1.382000, 0.521553
1.379000, 0.527689
1.379000, 0.533825
1.379000, 0.539961
1.394000, 0.546097
1.402000, 0.552233
1.421000, 0.558369
1.423000, 0.564505
1.430000, 0.570641
1.431000, 0.576777
1.437000, 0.582913
1.437000, 0.589049
1.442000, 0.595185
1.464000, 0.601320
1.477000, 0.607456
1.478000, 0.613592
1.485000, 0.619728
1.536000, 0.625864
1.536000, 0.632000
1.536000, 0.638136
1.530000, 0.644272
1.526000, 0.650408
1.521000, 0.656544
1.521000, 0.662680
1.521000, 0.668816
1.521000, 0.674952
1.519000, 0.681087
1.524000, 0.687223
1.524000, 0.693359
1.529000, 0.699495
1.681000, 0.705631
1.681000, 0.711767
1.682000, 0.717903
1.683000, 0.724039
nan, 1.018563
5.480000, 1.043107
5.470000, 1.049243
5.467000, 1.055379
5.467000, 1.061515
5.466000, 1.067651
5.462000, 1.073787
5.466000, 1.079923
5.462000, 1.086058
5.442000, 1.092194
5.442000, 1.098330
5.452000, 1.104466
5.452000, 1.110602
5.452000, 1.116738
5.452000, 1.122874
3.918000, 1.129010
3.907000, 1.135146
3.903000, 1.141282
3.903000, 1.147418
3.903000, 1.153554
3.903000, 1.159690
3.901000, 1.165825
3.899000, 1.171961
3.899000, 1.178097
3.899000, 1.184233
3.904000, 1.190369
3.904000, 1.196505
3.904000, 1.202641
3.913000, 1.208777
3.913000, 1.214913
3.913000, 1.221049
3.857000, 1.270136
3.850000, 1.276272
3.849000, 1.282408
3.849000, 1.288544
3.849000, 1.294680
3.849000, 1.300816
3.816000, 1.306952
3.922000, 1.313088
3.922000, 1.319224
nan, 1.349903
3.187000, 1.356039
2.992000, 1.362175
2.923000, 1.368311
2.848000, 1.374447
2.778000, 1.380583
2.694000, 1.386719
2.614000, 1.392855
2.558000, 1.398991
2.506000, 1.405126
2.451000, 1.411262
2.398000, 1.417398
2.338000, 1.423534
2.308000, 1.429670
2.259000, 1.435806
2.222000, 1.441942
2.179000, 1.448078
2.118000, 1.454214
2.075000, 1.460350
2.034000, 1.466486
1.997000, 1.472622
1.942000, 1.478758
1.916000, 1.484893
1.876000, 1.491029
1.854000, 1.497165
1.808000, 1.503301
1.778000, 1.509437
1.749000, 1.515573
1.729000, 1.521709
1.688000, 1.527845
1.672000, 1.533981
1.631000, 1.540117
1.606000, 1.546253
1.593000, 1.552389
1.558000, 1.558525
1.529000, 1.564660
